NUMMER_TAL	CentX	CentY
1050	725532	6176545
1051	725821	6176483
1052	725825	6176374
1053	725847	6176274
1054	725737	6176284
1055	725641	6176294
1056	725675	6176424
1057	725733	6176297
1058	725766	6176171
1059	725599	6176085
1060	725485	6176311
1061	725267	6176170
1062	725300	6176179
1063	725432	6176255
1064	725435	6176291
1065	725246	6176241
1066	725325	6176196
1067	725247	6176303
1068	725348	6176258
1069	725405	6176244
1070	725402	6176319
1071	725366	6176257
1072	725196	6176289
1073	725221	6176348
1074	725386	6176411
1100	725307	6176426
1101	725320	6176601
1102	725332	6176518
1103	725412	6176562
1104	725414	6176612
1105	725277	6176544
1106	725248	6176518
1107	725343	6176617
1109	725359	6176480
1110	725287	6176653
1111	725209	6176699
1112	725120	6176569
1113	725164	6176473
1114	725117	6176541
1115	725060	6176574
1116	725136	6176692
1117	725174	6176663
1118	725206	6176588
1119	725018	6176798
1120	725062	6176732
1121	725072	6176774
1122	725119	6176749
1123	724935	6176871
1124	724889	6176822
1125	724904	6176756
1126	724856	6176711
1127	724883	6176794
1128	724848	6176791
1129	724787	6176796
1130	724786	6176847
1131	724747	6176895
1150	724982	6176545
1151	724983	6176417
1152	724962	6176485
1153	724980	6176418
1154	724911	6176419
1155	724882	6176444
1156	724881	6176389
1157	724876	6176350
1158	724771	6176290
1159	724825	6176409
1160	725037	6176324
1161	724858	6176295
1162	724801	6176320
1163	724900	6176459
1164	724758	6176247
1165	724617	6176489
1166	724713	6176357
1167	724648	6176323
1168	724696	6176413
1169	724820	6176504
1170	724834	6176465
1171	724694	6176562
1172	724819	6176611
1173	724775	6176633
1174	724701	6176699
1175	724773	6176731
1200	725148	6176284
1201	725053	6176252
1202	725094	6176198
1203	724962	6176063
1204	724891	6176065
1205	724968	6176132
1206	724997	6176182
1207	724950	6176253
1208	724870	6176118
1209	724875	6176232
1210	724873	6176167
1211	724829	6176183
1212	725051	6176089
1213	725027	6176015
1214	725187	6175919
1215	725387	6176052
1216	725419	6175961
1217	725475	6175966
1218	725228	6175982
1218	725202	6175685
1218	725145	6175994
1218	725251	6176092
1218	725151	6176099
1218	725012	6175899
1219	725326	6175712
1220	725015	6175813
1221	725542	6175996
1250	725902	6176672
1251	726051	6176512
1252	726137	6176697
1253	726046	6176881
1254	725786	6176627
1255	725718	6176619
1256	726025	6177066
1257	725977	6176943
1258	726204	6177056
1259	727192	6179194
1259	726281	6177481
1259	726301	6177459
1259	726301	6177497
1260	725744	6176867
1261	725604	6176701
1262	725651	6176776
1263	726202	6177482
1263	726067	6177388
1264	725649	6177126
1265	725787	6177024
1266	725808	6177384
1267	725788	6177437
1268	725763	6177484
1270	725762	6177586
1271	725738	6177534
1300	725548	6177069
1301	725507	6176815
1302	725526	6176931
1303	725647	6177153
1304	725415	6177013
1306	725375	6177200
1307	725026	6177317
1308	725430	6177210
1309	725349	6177285
1310	725672	6177193
1311	725528	6177291
1312	725491	6177307
1313	725540	6177329
1314	725555	6177358
1315	725620	6177330
1316	725326	6177371
1317	725305	6177464
1318	725404	6177421
1319	725566	6177394
1320	725587	6177430
1321	725712	6177379
1322	725562	6177476
1323	725477	6177558
1324	725619	6177497
1325	725588	6177547
1326	725598	6177583
1327	725581	6177631
1328	725621	6177613
1329	725435	6177489
1350	725187	6177402
1352	724643	6177524
1353	724577	6177239
1354	724606	6177474
1355	724581	6177436
1356	724348	6177174
1357	724394	6177388
1358	724518	6176645
1359	724288	6176776
1360	724464	6176943
1361	724492	6176873
1361	724513	6176800
1362	724444	6176884
1363	724380	6176887
1364	724249	6176691
1365	724174	6176652
1366	724193	6176785
1367	724110	6176758
1368	724085	6176593
1369	723947	6176512
1370	724071	6176804
1371	724212	6177100
1399	724471	6177314
1400	726021	6175545
1401	725883	6175906
1402	725754	6175920
1403	726068	6176053
1404	726128	6176132
1405	726238	6176242
1406	726000	6176011
1407	726143	6175820
1408	725858	6175772
1409	725682	6175772
1410	725910	6175606
1411	725297	6175381
1411	725468	6175422
1411	725579	6175377
1412	725593	6175448
1413	725654	6175419
1414	725895	6175710
1415	726004	6175769
1416	726035	6175721
1417	725979	6175692
1418	725902	6175486
1419	725771	6175437
1420	725946	6175597
1421	725747	6175409
1422	726260	6175881
1423	726021	6175474
1424	726023	6175477
1425	726111	6175579
1426	726253	6175637
1427	726259	6175981
1428	726296	6176067
1429	726352	6176011
1430	726399	6176098
1431	726404	6176165
1432	727224	6177389
1433	726822	6177689
1433	727265	6177445
1433	727347	6177083
1433	727465	6178310
1433	726933	6177659
1433	726487	6176512
1433	726328	6176421
1433	728282	6179506
1434	726669	6176628
1435	726641	6176706
1436	726589	6176375
1436	726568	6176203
1436	726520	6176293
1436	726493	6176351
1436	726533	6176398
1436	726467	6176284
1436	726526	6176251
1437	726816	6176564
1437	726651	6176449
1437	726837	6176904
1437	726668	6176894
1437	726715	6176542
1437	726616	6176648
1437	726550	6176492
1437	726774	6176755
1437	726737	6176591
1437	726659	6176814
1437	726836	6176698
1437	726567	6176671
1437	726761	6176654
1437	726814	6176832
1438	726437	6176865
1438	726436	6176716
1438	726536	6176788
1438	726516	6176889
1438	726539	6176954
1439	726933	6177008
1439	726708	6177347
1439	726797	6177460
1439	726656	6177524
1439	726710	6177097
1439	726786	6177119
1439	726775	6177268
1439	726747	6177005
1439	726873	6177145
1439	726822	6177196
1439	726986	6177095
1450	724751	6176181
1451	724490	6176456
1452	724421	6176383
1453	724475	6176337
1454	724509	6176252
1455	724577	6176311
1456	724575	6176177
1457	724709	6176245
1458	724630	6176132
1459	724621	6176130
1460	724623	6176068
1461	724741	6176114
1462	724656	6176033
1463	724701	6175990
1464	724728	6176060
1465	724778	6176015
1466	724818	6176088
1467	724826	6176012
1468	724739	6175950
1470	724809	6175856
1471	724901	6175820
1472	724962	6175759
1473	725103	6175611
1550	724477	6175998
1550	724646	6175859
1551	724261	6176278
1552	724680	6175910
1553	724576	6175877
1554	724303	6176136
1555	724809	6175856
1556	724794	6175732
1557	724853	6175687
1558	725013	6175557
1559	725326	6175712
1560	724374	6174804
1561	724079	6174306
1561	724028	6174322
1562	724815	6175391
1563	724853	6175433
1564	724903	6175527
1567	724611	6175330
1568	724683	6175324
1569	724649	6175457
1570	724234	6175617
1570	724211	6175659
1571	724765	6175440
1572	724795	6175502
1573	724881	6175502
1574	724724	6175507
1575	724647	6175535
1576	724584	6175462
1577	724465	6175473
1600	723944	6176511
1601	723894	6176145
1602	723984	6176135
1603	724059	6176322
1604	723918	6176161
1605	723969	6175969
1606	724083	6176073
1607	724124	6176186
1608	724332	6176020
1609	724198	6175952
1610	723808	6175739
1611	724156	6176036
1612	724045	6175874
1613	724032	6175785
1614	723985	6175746
1615	723889	6175696
1616	723770	6175640
1617	723604	6175602
1618	723376	6175666
1619	723312	6175616
1620	723568	6175572
1621	723233	6175584
1622	723091	6175530
1623	723029	6175451
1624	723077	6175470
1631	723615	6176657
1632	723566	6176691
1633	723670	6176639
1634	723637	6176578
1635	723340	6176923
1650	723597	6175214
1651	724196	6175568
1652	724113	6175502
1653	724026	6175529
1654	723949	6175435
1655	723861	6175427
1656	723749	6175450
1657	723710	6175308
1658	723654	6175265
1659	723609	6175460
1660	723516	6175236
1661	723449	6175410
1662	723402	6175217
1663	723338	6175161
1664	723280	6175478
1665	723275	6175120
1666	723268	6175230
1667	723151	6175143
1668	723210	6175070
1669	723350	6175585
1670	723145	6174934
1671	723096	6174969
1672	723119	6175100
1673	723129	6175021
1674	722983	6174930
1675	723161	6174851
1676	723255	6174813
1677	723169	6174797
1700	723965	6175298
1701	724167	6175501
1702	724202	6175459
1703	724147	6175366
1704	724450	6175502
1705	723717	6174792
1706	723966	6175374
1707	723985	6175487
1708	723809	6175246
1709	723612	6175123
1710	724139	6175305
1711	723921	6175041
1712	723829	6175092
1713	724177	6175206
1714	723890	6174895
1715	724006	6175168
1716	723896	6175165
1717	723812	6174917
1718	723732	6174904
1719	723699	6174849
1720	723237	6174735
1721	723543	6174854
1722	723657	6174824
1723	723495	6174975
1724	723487	6175038
1725	723630	6174769
1726	723530	6174765
1727	723469	6174731
1728	723391	6174697
1729	723309	6174655
1730	723253	6174625
1731	723165	6174595
1732	723106	6174571
1733	723004	6174533
1734	723148	6174697
1735	723074	6174679
1736	722991	6174720
1737	723023	6174647
1738	722976	6174628
1739	722929	6174596
1748	722141	6174957
1749	722481	6175206
1750	722666	6174842
1751	722992	6175271
1752	722900	6175235
1753	722919	6175192
1754	722974	6175165
1755	722884	6175182
1756	722811	6175204
1757	722779	6175123
1758	722905	6175001
1759	722961	6175047
1760	722683	6174825
1761	722748	6174864
1762	722766	6174653
1763	722837	6174658
1764	722775	6174674
1765	722683	6174589
1766	722777	6174565
1770	722600	6175053
1771	722676	6175050
1772	722632	6175026
1773	722602	6175007
1774	722626	6174979
1775	722519	6174975
1777	722578	6174842
1778	722304	6174815
1800	722407	6175268
1801	722264	6175077
1802	722317	6175188
1803	722302	6175224
1804	722225	6175170
1805	722155	6174978
1806	722291	6175442
1807	722286	6175359
1808	722341	6175386
1809	722430	6175479
1810	722689	6175453
1811	722493	6175570
1812	722537	6175468
1813	722606	6175459
1814	722766	6175554
1815	722846	6175556
1816	722912	6175568
1817	722875	6175491
1818	722986	6175552
1819	723307	6175718
1820	722668	6175667
1822	723091	6175530
1823	723039	6175579
1824	723121	6175706
1825	723028	6175736
1826	722955	6175751
1827	722882	6175770
1828	722801	6175789
1829	722737	6175801
1850	722947	6175883
1851	722640	6175822
1852	722551	6175843
1853	722440	6175802
1854	722341	6175813
1855	722384	6175898
1856	722482	6175966
1857	722407	6175985
1860	722377	6176399
1861	722355	6176245
1862	722394	6176250
1863	722488	6176314
1864	722525	6176171
1865	722569	6176208
1866	722540	6176101
1867	722646	6176175
1868	722693	6176052
1870	722901	6176451
1871	722888	6176490
1872	722992	6176378
1873	722907	6176350
1874	723057	6176318
1875	722978	6176241
1876	722949	6176126
1877	722874	6176031
1878	722958	6176004
1879	723188	6176396
1900	723597	6176131
1901	723068	6175897
1902	723183	6176073
1903	723254	6176052
1904	723334	6175964
1905	723358	6175904
1906	723410	6175840
1908	723535	6175787
1909	723472	6175938
1910	723421	6176273
1911	723351	6176169
1912	723377	6176269
1913	723438	6176240
1914	723509	6176177
1915	723552	6176215
1916	723625	6176113
1917	723614	6176040
1920	723394	6176361
1921	723458	6176372
1922	723468	6176405
1923	723291	6176505
1924	723360	6176494
1925	723513	6176477
1926	723649	6176396
1927	723642	6176328
1928	723646	6176253
1950	722461	6176536
1951	722383	6176552
1952	722473	6176586
1953	722476	6176646
1954	722548	6176732
1955	722658	6176730
1956	722706	6176708
1957	722757	6176684
1958	722770	6176833
1959	722688	6176962
1960	723666	6176739
1961	723089	6176524
1962	723109	6176636
1963	723153	6176506
1964	723129	6176829
1965	723143	6176718
1966	723266	6176754
1967	723251	6176853
1970	723262	6176654
1971	723392	6176834
1972	723420	6176767
1973	723503	6176774
1974	723566	6176691
2000	721291	6176891
2100	724951	6179921
2200	723389	6178405
2300	726953	6174679
2400	721628	6180267
2450	722375	6172891
2450	722983	6174930
2500	720465	6174518
2600	713921	6176526
2605	714580	6172806
2610	717123	6177414
2620	710605	6176324
2625	711747	6171855
2630	706166	6174580
2635	708633	6169580
2640	701149	6172170
2650	718312	6171179
2660	715693	6169620
2665	713586	6169330
2670	706777	6166412
2680	701977	6159380
2690	703412	6163023
2700	719214	6179859
2720	719364	6177511
2730	715712	6182490
2740	713472	6180349
2750	710389	6182547
2760	705890	6187586
2765	705858	6180570
2770	729097	6170550
2791	727216	6166083
2800	720340	6187939
2820	721704	6184855
2830	717558	6188848
2840	718323	6192250
2850	721310	6192093
2860	719580	6182971
2880	716388	6185849
2900	723751	6182836
2920	724450	6185594
2930	723678	6189162
2942	723224	6193327
2950	721971	6195373
2960	721038	6199357
2970	717385	6198508
2980	715590	6202978
2990	718838	6204802
3000	720570	6216530
3050	719769	6207944
3060	721040	6211881
3070	723368	6213478
3080	714615	6214890
3100	714676	6219632
3120	710975	6221167
3140	719054	6219867
3150	720990	6219157
3200	698958	6213640
3210	695713	6218635
3220	691832	6215450
3230	705680	6217670
3250	706620	6222685
3300	689192	6209144
3310	692197	6201392
3320	696770	6201884
3330	700457	6198556
3360	685491	6211519
3370	684950	6209582
3390	681581	6206365
3400	704792	6204077
3450	709640	6197369
3460	714401	6194448
3480	712793	6208609
3490	718069	6212029
3500	711032	6187198
3520	709911	6191188
3540	705070	6194044
3550	699293	6193964
3600	693722	6193143
3630	685780	6193897
3650	697731	6187693
3660	700531	6186077
3670	702569	6183411
3700	869686	6123438
3720	879753	6118661
3730	889278	6118426
3740	890357	6126876
3751	884796	6127120
3760	877358	6132277
3770	867883	6138520
3782	870527	6131411
3790	865029	6132163
4000	693788	6171191
4040	694714	6183347
4050	685983	6183757
4060	680747	6171411
4070	682064	6177220
4100	679318	6148013
4130	690753	6159873
4140	687242	6154238
4160	675606	6134582
4171	669916	6139144
4173	668743	6146514
4174	680840	6157603
4180	662669	6146705
4190	658110	6153492
4200	649849	6142765
4220	638184	6135810
4230	647500	6123197
4241	643178	6136902
4242	644636	6131088
4243	657439	6123375
4250	662221	6133482
4261	653946	6128727
4262	660887	6125141
4270	645727	6153165
4281	639378	6156571
4291	650235	6158901
4293	656480	6158748
4295	662652	6159550
4296	667383	6158560
4300	669896	6179382
4320	686313	6165437
4330	680855	6164510
4340	672151	6167204
4350	666391	6164943
4360	675149	6161905
4370	671960	6159165
4390	672672	6172688
4400	633045	6172742
4420	663435	6172593
4440	657426	6168932
4450	650525	6168826
4460	649801	6176428
4470	644921	6169369
4480	638854	6161805
4490	640847	6165374
4500	665068	6199488
4520	656183	6179308
4532	661295	6180660
4534	652246	6182021
4540	652515	6187607
4550	656769	6188725
4560	662807	6192043
4571	662388	6187212
4572	663498	6195975
4573	660694	6199299
4581	671966	6204550
4583	647259	6205665
4591	646906	6179331
4592	634073	6195845
4593	642176	6177042
4600	700184	6149441
4621	695960	6163000
4622	696780	6160017
4623	696127	6155907
4632	692543	6149206
4640	699575	6126675
4652	704017	6139385
4653	702958	6133732
4654	700453	6123912
4660	713789	6134586
4671	708999	6143224
4672	711515	6140127
4673	713570	6129258
4681	698235	6145494
4682	695640	6140844
4683	692201	6126383
4684	683622	6127052
4690	688103	6135280
4700	674725	6123449
4720	694468	6111133
4733	689755	6119307
4735	695922	6104761
4736	668565	6118959
4750	682069	6111040
4760	685544	6102943
4771	700809	6100417
4772	697288	6099118
4773	694212	6097682
4780	710434	6097291
4791	722563	6098352
4792	703059	6089443
4793	694631	6090927
4800	688441	6075158
4840	681960	6088564
4850	695054	6084356
4862	674735	6083047
4863	686255	6082321
4871	697657	6079471
4872	692092	6069397
4873	688282	6064525
4874	688859	6056075
4880	675610	6062592
4891	679014	6071573
4892	677817	6065317
4894	668036	6064122
4895	661842	6059914
4900	636195	6078502
4912	632320	6084206
4913	641684	6088918
4920	647097	6074827
4930	659683	6074381
4941	658306	6079440
4943	648020	6086636
4944	654620	6091618
4951	655895	6076717
4952	652281	6080348
4953	647623	6082675
4960	661985	6064606
4970	653618	6063131
4983	641351	6069654
4990	670956	6075502
5000	588334	6140788
5200	583542	6139592
5210	581797	6142217
5220	594613	6135344
5230	589416	6137283
5240	592228	6141970
5250	582835	6134795
5260	587339	6132128
5270	585471	6145473
5290	596978	6140134
5300	603245	6145290
5320	594251	6143797
5330	597092	6146532
5350	602369	6140337
5370	603238	6151456
5380	606160	6153323
5390	603484	6158476
5400	571935	6157236
5450	586877	6155720
5462	575598	6143770
5463	564972	6145730
5464	562145	6149973
5466	557008	6150258
5471	574019	6149945
5474	572355	6146650
5485	580518	6153200
5491	578575	6138743
5492	572074	6139032
5500	549417	6151071
5540	606071	6136852
5550	600889	6135941
5560	566765	6136997
5580	553378	6144712
5591	560604	6138862
5592	555894	6139632
5600	581169	6108720
5610	559973	6128327
5620	569073	6126733
5631	562526	6118119
5642	575275	6111080
5672	580426	6121785
5683	570585	6118326
5690	576565	6130603
5700	601332	6099517
5750	591636	6121019
5762	592731	6103987
5771	596407	6109941
5772	597857	6116077
5792	590757	6128920
5800	611259	6132425
5853	604980	6124710
5854	602293	6119588
5856	598341	6122341
5863	602123	6130751
5871	611685	6122284
5874	611620	6115709
5881	607717	6105591
5882	608359	6108387
5883	610020	6110057
5884	608833	6112906
5892	604456	6113781
5900	611676	6084965
5932	609219	6075278
5935	609366	6068464
5953	619070	6100621
5960	595406	6080744
5970	588839	6080974
5985	581667	6087521
6000	529910	6150110
6040	521869	6162250
6051	530826	6156934
6052	531714	6160651
6064	520138	6155621
6070	528578	6134521
6091	535717	6145468
6092	540141	6146238
6093	534209	6139689
6094	537496	6137394
6100	534844	6122292
6200	529417	6095875
6230	519042	6104304
6240	499632	6100669
6261	484077	6101863
6270	493372	6089490
6280	481786	6091661
6300	534928	6086237
6310	544340	6081408
6320	540174	6084487
6330	520993	6079123
6340	528463	6080668
6360	514800	6086328
6372	506844	6090681
6392	516128	6094047
6400	547052	6089009
6430	550358	6098373
6440	559949	6091678
6470	562115	6084637
6500	518390	6120877
6510	500239	6125906
6520	501757	6114967
6534	510848	6109333
6535	504165	6107671
6541	512218	6116231
6560	517348	6131784
6580	520961	6141518
6600	510481	6150231
6621	512471	6154129
6622	509253	6159056
6623	505074	6165852
6630	506314	6136162
6640	519831	6148755
6650	501259	6153032
6660	498626	6139845
6670	494727	6151362
6682	497015	6161740
6683	494625	6143393
6690	488758	6147191
6700	465569	6147739
6705	470996	6150313
6710	460616	6155706
6715	468898	6155612
6720	462415	6141460
6731	474657	6146888
6740	481859	6148167
6752	490633	6157147
6753	488420	6162051
6760	486539	6129460
6771	483645	6140062
6780	486743	6113878
6792	469241	6110903
6800	471289	6168700
6818	479366	6158290
6823	484225	6175121
6830	455151	6182983
6840	451005	6166402
6851	461268	6166088
6852	457761	6162857
6853	445195	6162522
6854	452278	6174687
6855	461173	6173830
6857	448935	6156097
6862	477185	6174407
6870	476853	6183481
6880	474496	6191286
6893	460514	6188135
6900	472284	6203523
6920	480296	6214394
6933	492856	6204769
6940	463879	6210571
6950	455290	6218521
6960	446707	6200639
6971	468374	6221547
6973	471863	6228336
6980	456355	6228081
6990	455783	6235780
7000	541782	6159814
7080	541930	6167379
7100	531487	6172895
7120	539597	6175981
7130	560858	6178063
7140	550212	6173588
7150	555971	6173946
7160	531508	6191538
7171	537116	6188190
7173	526147	6190937
7182	522379	6173328
7183	515627	6170255
7184	512380	6174650
7190	506854	6176086
7200	493555	6177161
7250	498646	6170437
7260	494229	6188768
7270	490134	6194200
7280	487591	6199342
7300	526791	6181181
7321	518299	6179813
7323	515127	6189221
7330	505763	6198265
7361	516872	6206170
7362	523498	6211300
7400	498280	6218667
7430	511384	6219459
7441	515976	6224061
7442	519297	6227855
7451	501676	6231704
7470	510368	6242338
7480	483593	6225664
7490	488526	6237553
7500	477603	6244018
7540	499261	6243622
7550	478881	6233905
7560	478237	6254827
7570	459207	6246267
7600	470658	6259057
7620	456372	6264306
7650	450715	6254786
7660	458616	6252985
7673	449810	6275555
7680	451706	6282897
7700	477793	6317040
7730	480204	6327861
7741	497204	6328497
7742	498796	6320068
7752	469088	6303642
7755	462177	6299136
7760	464216	6287245
7770	456438	6292464
7790	471377	6277818
7800	498658	6265275
7830	489262	6257943
7840	510415	6270043
7850	507474	6259736
7860	489007	6275614
7870	500390	6286533
7884	500967	6298356
7900	487555	6298859
7950	482110	6300567
7960	473930	6289904
7970	478717	6288723
7980	483152	6289703
7990	481610	6284486
8000	574603	6223018
8200	572334	6228628
8210	571454	6225436
8220	567224	6223878
8230	571693	6223267
8240	576552	6228513
8250	579949	6231624
8260	568626	6220771
8270	574889	6218312
8300	572639	6200314
8305	599377	6191468
8310	570471	6216139
8320	572749	6214246
8330	576821	6213380
8340	574447	6210128
8350	566405	6197431
8355	567681	6209883
8361	567726	6217506
8362	563497	6215937
8370	566048	6243867
8380	571227	6235865
8381	567095	6228004
8382	565186	6234969
8400	604050	6234106
8410	593532	6240598
8420	592083	6227452
8444	610704	6242166
8450	554188	6235702
8462	561954	6222477
8464	557223	6224412
8471	561596	6230182
8472	551359	6229271
8500	613204	6255632
8520	575514	6232739
8530	576081	6237660
8541	580796	6237064
8543	579317	6242756
8544	582378	6246901
8550	591378	6249494
8560	600269	6246288
8570	608269	6247033
8581	596856	6253956
8585	603857	6262552
8586	601973	6256495
8592	657633	6288164
8600	535036	6225460
8620	524703	6237454
8632	533705	6232666
8641	549130	6225901
8643	537648	6238384
8653	532985	6215343
8654	531561	6208521
8660	555680	6210427
8670	550159	6222696
8680	546079	6216290
8700	554919	6191338
8721	545077	6175878
8722	543758	6180363
8723	543891	6184892
8732	560338	6201314
8740	538000	6204464
8751	553266	6199706
8752	546939	6203332
8762	541785	6191803
8763	538446	6193280
8765	531272	6198242
8766	525853	6202458
8781	551091	6183835
8783	553287	6180083
8800	520245	6253436
8830	537442	6262346
8831	518709	6264041
8832	523042	6272616
8840	531376	6244364
8850	540251	6248568
8860	548301	6248480
8870	555307	6248094
8881	548400	6240595
8882	544084	6236283
8883	545917	6231015
8900	563696	6257764
8950	581441	6265463
8961	587916	6259872
8963	585971	6254243
8970	575461	6278956
8981	563254	6266931
8983	568876	6271087
8990	553335	6267797
9000	552293	6322058
9200	551993	6318523
9210	556783	6317818
9220	561074	6322243
9230	552762	6312548
9240	535792	6311882
9260	561079	6311692
9270	564171	6319684
9280	571854	6311402
9293	567584	6305544
9300	588063	6351122
9310	566280	6329338
9320	569584	6338147
9330	579382	6339069
9340	583673	6333448
9352	579650	6348903
9362	572860	6324122
9370	578996	6323569
9380	558459	6332343
9381	558485	6335878
9382	556713	6340644
9400	556500	6327714
9430	552206	6332325
9440	544936	6334847
9460	531490	6330443
9480	546153	6358410
9490	537537	6340926
9492	536528	6345529
9493	541463	6347425
9500	546491	6278093
9510	556072	6291436
9520	555516	6299822
9530	549207	6306045
9541	541993	6300311
9550	560998	6276276
9560	571813	6290982
9574	569591	6298323
9575	564221	6295785
9600	529838	6296169
9610	541437	6289146
9620	530262	6282588
9631	522320	6283295
9632	531152	6273572
9640	518127	6293233
9670	518572	6310239
9681	512200	6305936
9690	514170	6327183
9700	556262	6347885
9740	568220	6349824
9750	576489	6355419
9760	557224	6357478
9800	560157	6370573
9830	569103	6359634
9850	558351	6379273
9870	575751	6369729
9881	573586	6380727
9900	586295	6365904
9940	621606	6350407
9970	589334	6373114
9981	584902	6376853
9982	582010	6385498
9990	589147	6395811
