01-08-1987	11.330000	1.900000	0.000000	1.235000	0.000000	0.000001	
01-08-1987	11.330000	1.900000	0.000000	1.235000	0.000000	0.000001	
01-08-1987	11.330000	1.900000	0.000000	1.235000	0.000000	0.000001	
01-08-1987	11.330000	1.900000	0.000000	1.235000	0.000000	0.000001	
01-08-1987	11.330000	1.900000	0.000000	1.235000	0.000000	0.000001	
01-08-1987	11.330000	1.900000	0.000000	1.235000	0.000000	0.000001	
02-08-1987	2.530000	1.400000	0.000000	0.910000	0.000000	0.030435	
02-08-1987	2.530000	1.400000	0.000000	0.910000	0.000000	0.030435	
02-08-1987	2.530000	1.400000	0.000000	0.910000	0.000000	0.030435	
02-08-1987	2.530000	1.400000	0.000000	0.910000	0.000000	0.030435	
02-08-1987	2.530000	1.400000	0.000000	0.910000	0.000000	0.030435	
02-08-1987	2.530000	1.400000	0.000000	0.910000	0.000000	0.030435	
03-08-1987	6.930000	2.700000	0.000000	1.755000	0.000000	1.673216	
03-08-1987	6.930000	2.700000	0.000000	1.755000	0.000000	1.673216	
03-08-1987	6.930000	2.700000	0.000000	1.755000	0.000000	1.673216	
03-08-1987	6.930000	2.700000	0.000000	1.755000	0.000000	1.673216	
03-08-1987	6.930000	2.700000	0.000000	1.755000	0.000000	1.673216	
03-08-1987	6.930000	2.700000	0.000000	1.755000	0.000000	1.673216	
04-08-1987	0.330000	1.500000	0.000000	0.975000	0.000000	5.577061	
04-08-1987	0.330000	1.500000	0.000000	0.975000	0.000000	5.577061	
04-08-1987	0.330000	1.500000	0.000000	0.975000	0.000000	5.577061	
04-08-1987	0.330000	1.500000	0.000000	0.975000	0.000000	5.577061	
04-08-1987	0.330000	1.500000	0.000000	0.975000	0.000000	5.577061	
04-08-1987	0.330000	1.500000	0.000000	0.975000	0.000000	5.577061	
05-08-1987	11.550000	1.900000	0.000000	1.216349	0.000000	4.375394	
05-08-1987	11.550000	1.900000	0.000000	1.216349	0.000000	4.375394	
05-08-1987	11.550000	1.900000	0.000000	1.216349	0.000000	4.375394	
05-08-1987	11.550000	1.900000	0.000000	1.216349	0.000000	4.375394	
05-08-1987	11.550000	1.900000	0.000000	1.216349	0.000000	4.375394	
05-08-1987	11.550000	1.900000	0.000000	1.216349	0.000000	4.375394	
06-08-1987	2.640000	2.400000	0.000000	1.560000	0.000000	3.521830	
06-08-1987	2.640000	2.400000	0.000000	1.560000	0.000000	3.521830	
06-08-1987	2.640000	2.400000	0.000000	1.560000	0.000000	3.521830	
06-08-1987	2.640000	2.400000	0.000000	1.560000	0.000000	3.521830	
06-08-1987	2.640000	2.400000	0.000000	1.560000	0.000000	3.521830	
06-08-1987	2.640000	2.400000	0.000000	1.560000	0.000000	3.521830	
07-08-1987	0.110000	1.200000	0.000000	0.780000	0.000000	3.029776	
07-08-1987	0.110000	1.200000	0.000000	0.780000	0.000000	3.029776	
07-08-1987	0.110000	1.200000	0.000000	0.780000	0.000000	3.029776	
07-08-1987	0.110000	1.200000	0.000000	0.780000	0.000000	3.029776	
07-08-1987	0.110000	1.200000	0.000000	0.780000	0.000000	3.029776	
07-08-1987	0.110000	1.200000	0.000000	0.780000	0.000000	3.029776	
08-08-1987	5.390000	2.300000	0.000000	1.467359	0.000000	5.486783	
08-08-1987	5.390000	2.300000	0.000000	1.467359	0.000000	5.486783	
08-08-1987	5.390000	2.300000	0.000000	1.467359	0.000000	5.486783	
08-08-1987	5.390000	2.300000	0.000000	1.467359	0.000000	5.486783	
08-08-1987	5.390000	2.300000	0.000000	1.467359	0.000000	5.486783	
08-08-1987	5.390000	2.300000	0.000000	1.467359	0.000000	5.486783	
09-08-1987	2.860000	1.400000	0.000000	0.910000	0.000000	3.203836	
09-08-1987	2.860000	1.400000	0.000000	0.910000	0.000000	3.203836	
09-08-1987	2.860000	1.400000	0.000000	0.910000	0.000000	3.203836	
09-08-1987	2.860000	1.400000	0.000000	0.910000	0.000000	3.203836	
09-08-1987	2.860000	1.400000	0.000000	0.910000	0.000000	3.203836	
09-08-1987	2.860000	1.400000	0.000000	0.910000	0.000000	3.203836	
10-08-1987	4.070000	1.800000	0.000000	1.170000	0.000000	1.159297	
10-08-1987	4.070000	1.800000	0.000000	1.170000	0.000000	1.159297	
10-08-1987	4.070000	1.800000	0.000000	1.170000	0.000000	1.159297	
10-08-1987	4.070000	1.800000	0.000000	1.170000	0.000000	1.159297	
10-08-1987	4.070000	1.800000	0.000000	1.170000	0.000000	1.159297	
10-08-1987	4.070000	1.800000	0.000000	1.170000	0.000000	1.159297	
11-08-1987	2.860000	2.800000	0.000000	1.820000	0.000000	2.108555	
11-08-1987	2.860000	2.800000	0.000000	1.820000	0.000000	2.108555	
11-08-1987	2.860000	2.800000	0.000000	1.820000	0.000000	2.108555	
11-08-1987	2.860000	2.800000	0.000000	1.820000	0.000000	2.108555	
11-08-1987	2.860000	2.800000	0.000000	1.820000	0.000000	2.108555	
11-08-1987	2.860000	2.800000	0.000000	1.820000	0.000000	2.108555	
12-08-1987	0.000000	3.900000	0.000000	2.535000	0.000000	2.410675	
12-08-1987	0.000000	3.900000	0.000000	2.535000	0.000000	2.410675	
12-08-1987	0.000000	3.900000	0.000000	2.535000	0.000000	2.410675	
12-08-1987	0.000000	3.900000	0.000000	2.535000	0.000000	2.410675	
12-08-1987	0.000000	3.900000	0.000000	2.535000	0.000000	2.410675	
12-08-1987	0.000000	3.900000	0.000000	2.535000	0.000000	2.410675	
13-08-1987	0.000000	2.700000	0.000000	1.625029	0.000000	2.317127	
13-08-1987	0.000000	2.700000	0.000000	1.625029	0.000000	2.317127	
13-08-1987	0.000000	2.700000	0.000000	1.625029	0.000000	2.317127	
13-08-1987	0.000000	2.700000	0.000000	1.625029	0.000000	2.317127	
13-08-1987	0.000000	2.700000	0.000000	1.625029	0.000000	2.317127	
13-08-1987	0.000000	2.700000	0.000000	1.625029	0.000000	2.317127	
14-08-1987	10.560000	2.300000	0.000000	1.311295	0.000000	1.379928	
14-08-1987	10.560000	2.300000	0.000000	1.311295	0.000000	1.379928	
14-08-1987	10.560000	2.300000	0.000000	1.311295	0.000000	1.379928	
14-08-1987	10.560000	2.300000	0.000000	1.311295	0.000000	1.379928	
14-08-1987	10.560000	2.300000	0.000000	1.311295	0.000000	1.379928	
14-08-1987	10.560000	2.300000	0.000000	1.311295	0.000000	1.379928	
15-08-1987	4.290000	2.100000	0.000000	1.365000	0.000000	0.379641	
15-08-1987	4.290000	2.100000	0.000000	1.365000	0.000000	0.379641	
15-08-1987	4.290000	2.100000	0.000000	1.365000	0.000000	0.379641	
15-08-1987	4.290000	2.100000	0.000000	1.365000	0.000000	0.379641	
15-08-1987	4.290000	2.100000	0.000000	1.365000	0.000000	0.379641	
15-08-1987	4.290000	2.100000	0.000000	1.365000	0.000000	0.379641	
16-08-1987	0.000000	1.800000	0.000000	1.170000	0.000000	0.795192	
16-08-1987	0.000000	1.800000	0.000000	1.170000	0.000000	0.795192	
16-08-1987	0.000000	1.800000	0.000000	1.170000	0.000000	0.795192	
16-08-1987	0.000000	1.800000	0.000000	1.170000	0.000000	0.795192	
16-08-1987	0.000000	1.800000	0.000000	1.170000	0.000000	0.795192	
16-08-1987	0.000000	1.800000	0.000000	1.170000	0.000000	0.795192	
17-08-1987	7.480000	1.000000	0.000000	0.629051	0.000000	3.181390	
17-08-1987	7.480000	1.000000	0.000000	0.629051	0.000000	3.181390	
17-08-1987	7.480000	1.000000	0.000000	0.629051	0.000000	3.181390	
17-08-1987	7.480000	1.000000	0.000000	0.629051	0.000000	3.181390	
17-08-1987	7.480000	1.000000	0.000000	0.629051	0.000000	3.181390	
17-08-1987	7.480000	1.000000	0.000000	0.629051	0.000000	3.181390	
18-08-1987	0.000000	0.900000	0.000000	0.585000	0.000000	3.018741	
18-08-1987	0.000000	0.900000	0.000000	0.585000	0.000000	3.018741	
18-08-1987	0.000000	0.900000	0.000000	0.585000	0.000000	3.018741	
18-08-1987	0.000000	0.900000	0.000000	0.585000	0.000000	3.018741	
18-08-1987	0.000000	0.900000	0.000000	0.585000	0.000000	3.018741	
18-08-1987	0.000000	0.900000	0.000000	0.585000	0.000000	3.018741	
19-08-1987	0.000000	2.900000	0.000000	1.857532	0.000000	1.899923	
19-08-1987	0.000000	2.900000	0.000000	1.857532	0.000000	1.899923	
19-08-1987	0.000000	2.900000	0.000000	1.857532	0.000000	1.899923	
19-08-1987	0.000000	2.900000	0.000000	1.857532	0.000000	1.899923	
19-08-1987	0.000000	2.900000	0.000000	1.857532	0.000000	1.899923	
19-08-1987	0.000000	2.900000	0.000000	1.857532	0.000000	1.899923	
20-08-1987	0.000000	3.000000	0.000000	1.812503	0.000000	3.123314	
20-08-1987	0.000000	3.000000	0.000000	1.812503	0.000000	3.123314	
20-08-1987	0.000000	3.000000	0.000000	1.812503	0.000000	3.123314	
20-08-1987	0.000000	3.000000	0.000000	1.812503	0.000000	3.123314	
20-08-1987	0.000000	3.000000	0.000000	1.812503	0.000000	3.123314	
20-08-1987	0.000000	3.000000	0.000000	1.812503	0.000000	3.123314	
21-08-1987	0.000000	3.400000	0.000000	1.933799	0.000000	1.508496	
21-08-1987	0.000000	3.400000	0.000000	1.933799	0.000000	1.508496	
21-08-1987	0.000000	3.400000	0.000000	1.933799	0.000000	1.508496	
21-08-1987	0.000000	3.400000	0.000000	1.933799	0.000000	1.508496	
21-08-1987	0.000000	3.400000	0.000000	1.933799	0.000000	1.508496	
21-08-1987	0.000000	3.400000	0.000000	1.933799	0.000000	1.508496	
22-08-1987	0.000000	1.400000	0.000000	0.743525	0.000000	0.187600	
22-08-1987	0.000000	1.400000	0.000000	0.743525	0.000000	0.187600	
22-08-1987	0.000000	1.400000	0.000000	0.743525	0.000000	0.187600	
22-08-1987	0.000000	1.400000	0.000000	0.743525	0.000000	0.187600	
22-08-1987	0.000000	1.400000	0.000000	0.743525	0.000000	0.187600	
22-08-1987	0.000000	1.400000	0.000000	0.743525	0.000000	0.187600	
23-08-1987	0.000000	3.000000	0.000000	1.549962	0.000000	0.007982	
23-08-1987	0.000000	3.000000	0.000000	1.549962	0.000000	0.007982	
23-08-1987	0.000000	3.000000	0.000000	1.549962	0.000000	0.007982	
23-08-1987	0.000000	3.000000	0.000000	1.549962	0.000000	0.007982	
23-08-1987	0.000000	3.000000	0.000000	1.549962	0.000000	0.007982	
23-08-1987	0.000000	3.000000	0.000000	1.549962	0.000000	0.007982	
24-08-1987	0.000000	1.700000	0.000000	0.827233	0.000000	0.000141	
24-08-1987	0.000000	1.700000	0.000000	0.827233	0.000000	0.000141	
24-08-1987	0.000000	1.700000	0.000000	0.827233	0.000000	0.000141	
24-08-1987	0.000000	1.700000	0.000000	0.827233	0.000000	0.000141	
24-08-1987	0.000000	1.700000	0.000000	0.827233	0.000000	0.000141	
24-08-1987	0.000000	1.700000	0.000000	0.827233	0.000000	0.000141	
25-08-1987	0.110000	0.600000	0.000000	0.282380	0.000000	0.000001	
25-08-1987	0.110000	0.600000	0.000000	0.282380	0.000000	0.000001	
25-08-1987	0.110000	0.600000	0.000000	0.282380	0.000000	0.000001	
25-08-1987	0.110000	0.600000	0.000000	0.282380	0.000000	0.000001	
25-08-1987	0.110000	0.600000	0.000000	0.282380	0.000000	0.000001	
25-08-1987	0.110000	0.600000	0.000000	0.282380	0.000000	0.000001	
26-08-1987	1.320000	1.300000	0.000000	0.607600	0.000000	0.000000	
26-08-1987	1.320000	1.300000	0.000000	0.607600	0.000000	0.000000	
26-08-1987	1.320000	1.300000	0.000000	0.607600	0.000000	0.000000	
26-08-1987	1.320000	1.300000	0.000000	0.607600	0.000000	0.000000	
26-08-1987	1.320000	1.300000	0.000000	0.607600	0.000000	0.000000	
26-08-1987	1.320000	1.300000	0.000000	0.607600	0.000000	0.000000	
27-08-1987	7.370000	2.100000	0.000000	1.012178	0.000000	0.000000	
27-08-1987	7.370000	2.100000	0.000000	1.012178	0.000000	0.000000	
27-08-1987	7.370000	2.100000	0.000000	1.012178	0.000000	0.000000	
27-08-1987	7.370000	2.100000	0.000000	1.012178	0.000000	0.000000	
27-08-1987	7.370000	2.100000	0.000000	1.012178	0.000000	0.000000	
27-08-1987	7.370000	2.100000	0.000000	1.012178	0.000000	0.000000	
28-08-1987	0.000000	2.000000	0.000000	1.218579	0.000000	0.000000	
28-08-1987	0.000000	2.000000	0.000000	1.218579	0.000000	0.000000	
28-08-1987	0.000000	2.000000	0.000000	1.218579	0.000000	0.000000	
28-08-1987	0.000000	2.000000	0.000000	1.218579	0.000000	0.000000	
28-08-1987	0.000000	2.000000	0.000000	1.218579	0.000000	0.000000	
28-08-1987	0.000000	2.000000	0.000000	1.218579	0.000000	0.000000	
29-08-1987	0.110000	3.100000	0.000000	1.814821	0.000000	0.000000	
29-08-1987	0.110000	3.100000	0.000000	1.814821	0.000000	0.000000	
29-08-1987	0.110000	3.100000	0.000000	1.814821	0.000000	0.000000	
29-08-1987	0.110000	3.100000	0.000000	1.814821	0.000000	0.000000	
29-08-1987	0.110000	3.100000	0.000000	1.814821	0.000000	0.000000	
29-08-1987	0.110000	3.100000	0.000000	1.814821	0.000000	0.000000	
30-08-1987	0.000000	1.100000	0.000000	0.607340	0.000000	0.000000	
30-08-1987	0.000000	1.100000	0.000000	0.607340	0.000000	0.000000	
30-08-1987	0.000000	1.100000	0.000000	0.607340	0.000000	0.000000	
30-08-1987	0.000000	1.100000	0.000000	0.607340	0.000000	0.000000	
30-08-1987	0.000000	1.100000	0.000000	0.607340	0.000000	0.000000	
30-08-1987	0.000000	1.100000	0.000000	0.607340	0.000000	0.000000	
31-08-1987	0.000000	3.000000	0.000000	1.620828	0.000000	0.000000	
31-08-1987	0.000000	3.000000	0.000000	1.620828	0.000000	0.000000	
31-08-1987	0.000000	3.000000	0.000000	1.620828	0.000000	0.000000	
31-08-1987	0.000000	3.000000	0.000000	1.620828	0.000000	0.000000	
31-08-1987	0.000000	3.000000	0.000000	1.620828	0.000000	0.000000	
31-08-1987	0.000000	3.000000	0.000000	1.620828	0.000000	0.000000	
01-09-1987	0.000000	3.000000	0.000000	1.526030	0.000000	0.000000	
01-09-1987	0.000000	3.000000	0.000000	1.526030	0.000000	0.000000	
01-09-1987	0.000000	3.000000	0.000000	1.526030	0.000000	0.000000	
01-09-1987	0.000000	3.000000	0.000000	1.526030	0.000000	0.000000	
01-09-1987	0.000000	3.000000	0.000000	1.526030	0.000000	0.000000	
01-09-1987	0.000000	3.000000	0.000000	1.526030	0.000000	0.000000	
02-09-1987	0.000000	2.900000	0.000000	1.389126	0.000000	0.000000	
02-09-1987	0.000000	2.900000	0.000000	1.389126	0.000000	0.000000	
02-09-1987	0.000000	2.900000	0.000000	1.389126	0.000000	0.000000	
02-09-1987	0.000000	2.900000	0.000000	1.389126	0.000000	0.000000	
02-09-1987	0.000000	2.900000	0.000000	1.389126	0.000000	0.000000	
02-09-1987	0.000000	2.900000	0.000000	1.389126	0.000000	0.000000	
03-09-1987	0.000000	3.100000	0.000000	1.401481	0.000000	0.000000	
03-09-1987	0.000000	3.100000	0.000000	1.401481	0.000000	0.000000	
03-09-1987	0.000000	3.100000	0.000000	1.401481	0.000000	0.000000	
03-09-1987	0.000000	3.100000	0.000000	1.401481	0.000000	0.000000	
03-09-1987	0.000000	3.100000	0.000000	1.401481	0.000000	0.000000	
03-09-1987	0.000000	3.100000	0.000000	1.401481	0.000000	0.000000	
04-09-1987	1.665000	1.500000	0.000000	0.637548	0.000000	0.000000	
04-09-1987	1.665000	1.500000	0.000000	0.637548	0.000000	0.000000	
04-09-1987	1.665000	1.500000	0.000000	0.637548	0.000000	0.000000	
04-09-1987	1.665000	1.500000	0.000000	0.637548	0.000000	0.000000	
04-09-1987	1.665000	1.500000	0.000000	0.637548	0.000000	0.000000	
04-09-1987	1.665000	1.500000	0.000000	0.637548	0.000000	0.000000	
05-09-1987	0.000000	0.500000	0.000000	0.222981	0.000000	0.000000	
05-09-1987	0.000000	0.500000	0.000000	0.222981	0.000000	0.000000	
05-09-1987	0.000000	0.500000	0.000000	0.222981	0.000000	0.000000	
05-09-1987	0.000000	0.500000	0.000000	0.222981	0.000000	0.000000	
05-09-1987	0.000000	0.500000	0.000000	0.222981	0.000000	0.000000	
05-09-1987	0.000000	0.500000	0.000000	0.222981	0.000000	0.000000	
06-09-1987	18.093000	1.700000	0.000000	0.750803	0.000000	0.000000	
06-09-1987	18.093000	1.700000	0.000000	0.750803	0.000000	0.000000	
06-09-1987	18.093000	1.700000	0.000000	0.750803	0.000000	0.000000	
06-09-1987	18.093000	1.700000	0.000000	0.750803	0.000000	0.000000	
06-09-1987	18.093000	1.700000	0.000000	0.750803	0.000000	0.000000	
06-09-1987	18.093000	1.700000	0.000000	0.750803	0.000000	0.000000	
07-09-1987	13.542000	1.700000	0.000000	1.105000	0.000000	0.004877	
07-09-1987	13.542000	1.700000	0.000000	1.105000	0.000000	0.004877	
07-09-1987	13.542000	1.700000	0.000000	1.105000	0.000000	0.004877	
07-09-1987	13.542000	1.700000	0.000000	1.105000	0.000000	0.004877	
07-09-1987	13.542000	1.700000	0.000000	1.105000	0.000000	0.004877	
07-09-1987	13.542000	1.700000	0.000000	1.105000	0.000000	0.004877	
08-09-1987	3.441000	2.300000	0.000000	1.495000	0.000000	0.712228	
08-09-1987	3.441000	2.300000	0.000000	1.495000	0.000000	0.712228	
08-09-1987	3.441000	2.300000	0.000000	1.495000	0.000000	0.712228	
08-09-1987	3.441000	2.300000	0.000000	1.495000	0.000000	0.712228	
08-09-1987	3.441000	2.300000	0.000000	1.495000	0.000000	0.712228	
08-09-1987	3.441000	2.300000	0.000000	1.495000	0.000000	0.712228	
09-09-1987	2.331000	1.600000	0.000000	1.040000	0.000000	5.305104	
09-09-1987	2.331000	1.600000	0.000000	1.040000	0.000000	5.305104	
09-09-1987	2.331000	1.600000	0.000000	1.040000	0.000000	5.305104	
09-09-1987	2.331000	1.600000	0.000000	1.040000	0.000000	5.305104	
09-09-1987	2.331000	1.600000	0.000000	1.040000	0.000000	5.305104	
09-09-1987	2.331000	1.600000	0.000000	1.040000	0.000000	5.305104	
10-09-1987	3.108000	0.900000	0.000000	0.585000	0.000000	8.942632	
10-09-1987	3.108000	0.900000	0.000000	0.585000	0.000000	8.942632	
10-09-1987	3.108000	0.900000	0.000000	0.585000	0.000000	8.942632	
10-09-1987	3.108000	0.900000	0.000000	0.585000	0.000000	8.942632	
10-09-1987	3.108000	0.900000	0.000000	0.585000	0.000000	8.942632	
10-09-1987	3.108000	0.900000	0.000000	0.585000	0.000000	8.942632	
11-09-1987	6.771000	1.300000	0.000000	0.845000	0.000000	4.881927	
11-09-1987	6.771000	1.300000	0.000000	0.845000	0.000000	4.881927	
11-09-1987	6.771000	1.300000	0.000000	0.845000	0.000000	4.881927	
11-09-1987	6.771000	1.300000	0.000000	0.845000	0.000000	4.881927	
11-09-1987	6.771000	1.300000	0.000000	0.845000	0.000000	4.881927	
11-09-1987	6.771000	1.300000	0.000000	0.845000	0.000000	4.881927	
12-09-1987	7.437000	0.400000	0.000000	0.260000	0.000000	2.123193	
12-09-1987	7.437000	0.400000	0.000000	0.260000	0.000000	2.123193	
12-09-1987	7.437000	0.400000	0.000000	0.260000	0.000000	2.123193	
12-09-1987	7.437000	0.400000	0.000000	0.260000	0.000000	2.123193	
12-09-1987	7.437000	0.400000	0.000000	0.260000	0.000000	2.123193	
12-09-1987	7.437000	0.400000	0.000000	0.260000	0.000000	2.123193	
13-09-1987	19.425000	2.600000	0.000000	1.690000	0.000000	2.793857	
13-09-1987	19.425000	2.600000	0.000000	1.690000	0.000000	2.793857	
13-09-1987	19.425000	2.600000	0.000000	1.690000	0.000000	2.793857	
13-09-1987	19.425000	2.600000	0.000000	1.690000	0.000000	2.793857	
13-09-1987	19.425000	2.600000	0.000000	1.690000	0.000000	2.793857	
13-09-1987	19.425000	2.600000	0.000000	1.690000	0.000000	2.793857	
14-09-1987	0.000000	2.000000	0.000000	1.300000	0.000000	5.107965	
14-09-1987	0.000000	2.000000	0.000000	1.300000	0.000000	5.107965	
14-09-1987	0.000000	2.000000	0.000000	1.300000	0.000000	5.107965	
14-09-1987	0.000000	2.000000	0.000000	1.300000	0.000000	5.107965	
14-09-1987	0.000000	2.000000	0.000000	1.300000	0.000000	5.107965	
14-09-1987	0.000000	2.000000	0.000000	1.300000	0.000000	5.107965	
15-09-1987	2.553000	2.000000	0.000000	1.259659	0.000000	8.243234	
15-09-1987	2.553000	2.000000	0.000000	1.259659	0.000000	8.243234	
15-09-1987	2.553000	2.000000	0.000000	1.259659	0.000000	8.243234	
15-09-1987	2.553000	2.000000	0.000000	1.259659	0.000000	8.243234	
15-09-1987	2.553000	2.000000	0.000000	1.259659	0.000000	8.243234	
15-09-1987	2.553000	2.000000	0.000000	1.259659	0.000000	8.243234	
16-09-1987	0.666000	1.200000	0.000000	0.780000	0.000000	11.340960	
16-09-1987	0.666000	1.200000	0.000000	0.780000	0.000000	11.340960	
16-09-1987	0.666000	1.200000	0.000000	0.780000	0.000000	11.340960	
16-09-1987	0.666000	1.200000	0.000000	0.780000	0.000000	11.340960	
16-09-1987	0.666000	1.200000	0.000000	0.780000	0.000000	11.340960	
16-09-1987	0.666000	1.200000	0.000000	0.780000	0.000000	11.340960	
17-09-1987	4.218000	0.600000	0.000000	0.389220	0.000000	5.033363	
17-09-1987	4.218000	0.600000	0.000000	0.389220	0.000000	5.033363	
17-09-1987	4.218000	0.600000	0.000000	0.389220	0.000000	5.033363	
17-09-1987	4.218000	0.600000	0.000000	0.389220	0.000000	5.033363	
17-09-1987	4.218000	0.600000	0.000000	0.389220	0.000000	5.033363	
17-09-1987	4.218000	0.600000	0.000000	0.389220	0.000000	5.033363	
18-09-1987	1.998000	1.300000	0.000000	0.845000	0.000000	0.770406	
18-09-1987	1.998000	1.300000	0.000000	0.845000	0.000000	0.770406	
18-09-1987	1.998000	1.300000	0.000000	0.845000	0.000000	0.770406	
18-09-1987	1.998000	1.300000	0.000000	0.845000	0.000000	0.770406	
18-09-1987	1.998000	1.300000	0.000000	0.845000	0.000000	0.770406	
18-09-1987	1.998000	1.300000	0.000000	0.845000	0.000000	0.770406	
19-09-1987	0.000000	1.800000	0.000000	1.170000	0.000000	0.726685	
19-09-1987	0.000000	1.800000	0.000000	1.170000	0.000000	0.726685	
19-09-1987	0.000000	1.800000	0.000000	1.170000	0.000000	0.726685	
19-09-1987	0.000000	1.800000	0.000000	1.170000	0.000000	0.726685	
19-09-1987	0.000000	1.800000	0.000000	1.170000	0.000000	0.726685	
19-09-1987	0.000000	1.800000	0.000000	1.170000	0.000000	0.726685	
20-09-1987	2.553000	1.200000	0.000000	0.754007	0.000000	2.162139	
20-09-1987	2.553000	1.200000	0.000000	0.754007	0.000000	2.162139	
20-09-1987	2.553000	1.200000	0.000000	0.754007	0.000000	2.162139	
20-09-1987	2.553000	1.200000	0.000000	0.754007	0.000000	2.162139	
20-09-1987	2.553000	1.200000	0.000000	0.754007	0.000000	2.162139	
20-09-1987	2.553000	1.200000	0.000000	0.754007	0.000000	2.162139	
21-09-1987	0.000000	1.300000	0.000000	0.845000	0.000000	1.591229	
21-09-1987	0.000000	1.300000	0.000000	0.845000	0.000000	1.591229	
21-09-1987	0.000000	1.300000	0.000000	0.845000	0.000000	1.591229	
21-09-1987	0.000000	1.300000	0.000000	0.845000	0.000000	1.591229	
21-09-1987	0.000000	1.300000	0.000000	0.845000	0.000000	1.591229	
21-09-1987	0.000000	1.300000	0.000000	0.845000	0.000000	1.591229	
22-09-1987	28.416000	0.800000	0.000000	0.507539	0.000000	0.507053	
22-09-1987	28.416000	0.800000	0.000000	0.507539	0.000000	0.507053	
22-09-1987	28.416000	0.800000	0.000000	0.507539	0.000000	0.507053	
22-09-1987	28.416000	0.800000	0.000000	0.507539	0.000000	0.507053	
22-09-1987	28.416000	0.800000	0.000000	0.507539	0.000000	0.507053	
22-09-1987	28.416000	0.800000	0.000000	0.507539	0.000000	0.507053	
23-09-1987	0.000000	1.700000	0.000000	1.105000	0.000000	0.446894	
23-09-1987	0.000000	1.700000	0.000000	1.105000	0.000000	0.446894	
23-09-1987	0.000000	1.700000	0.000000	1.105000	0.000000	0.446894	
23-09-1987	0.000000	1.700000	0.000000	1.105000	0.000000	0.446894	
23-09-1987	0.000000	1.700000	0.000000	1.105000	0.000000	0.446894	
23-09-1987	0.000000	1.700000	0.000000	1.105000	0.000000	0.446894	
24-09-1987	0.000000	0.700000	0.000000	0.445190	0.000000	4.029223	
24-09-1987	0.000000	0.700000	0.000000	0.445190	0.000000	4.029223	
24-09-1987	0.000000	0.700000	0.000000	0.445190	0.000000	4.029223	
24-09-1987	0.000000	0.700000	0.000000	0.445190	0.000000	4.029223	
24-09-1987	0.000000	0.700000	0.000000	0.445190	0.000000	4.029223	
24-09-1987	0.000000	0.700000	0.000000	0.445190	0.000000	4.029223	
25-09-1987	3.552000	1.500000	0.000000	0.940914	0.000000	13.935991	
25-09-1987	3.552000	1.500000	0.000000	0.940914	0.000000	13.935991	
25-09-1987	3.552000	1.500000	0.000000	0.940911	0.000000	13.935991	
25-09-1987	3.552000	1.500000	0.000000	0.940911	0.000000	13.935991	
25-09-1987	3.552000	1.500000	0.000000	0.940914	0.000000	13.935991	
25-09-1987	3.552000	1.500000	0.000000	0.940914	0.000000	13.935991	
26-09-1987	2.553000	1.300000	0.000000	0.845000	0.000000	7.765248	
26-09-1987	2.553000	1.300000	0.000000	0.845000	0.000000	7.765248	
26-09-1987	2.553000	1.300000	0.000000	0.844996	0.000000	7.765248	
26-09-1987	2.553000	1.300000	0.000000	0.844996	0.000000	7.765248	
26-09-1987	2.553000	1.300000	0.000000	0.845000	0.000000	7.765248	
26-09-1987	2.553000	1.300000	0.000000	0.845000	0.000000	7.765248	
27-09-1987	10.767000	1.400000	0.000000	0.910000	0.000000	1.304966	
27-09-1987	10.767000	1.400000	0.000000	0.910000	0.000000	1.304966	
27-09-1987	10.767000	1.400000	0.000000	0.909992	0.000000	1.304966	
27-09-1987	10.767000	1.400000	0.000000	0.909992	0.000000	1.304966	
27-09-1987	10.767000	1.400000	0.000000	0.910000	0.000000	1.304966	
27-09-1987	10.767000	1.400000	0.000000	0.910000	0.000000	1.304966	
28-09-1987	0.222000	1.500000	0.000000	0.975000	0.000000	1.118544	
28-09-1987	0.222000	1.500000	0.000000	0.975000	0.000000	1.118544	
28-09-1987	0.222000	1.500000	0.000000	0.974987	0.000000	1.118545	
28-09-1987	0.222000	1.500000	0.000000	0.974987	0.000000	1.118545	
28-09-1987	0.222000	1.500000	0.000000	0.975000	0.000000	1.118544	
28-09-1987	0.222000	1.500000	0.000000	0.975000	0.000000	1.118544	
29-09-1987	0.000000	1.600000	0.000000	1.021810	0.000000	2.959113	
29-09-1987	0.000000	1.600000	0.000000	1.021810	0.000000	2.959113	
29-09-1987	0.000000	1.600000	0.000000	1.021790	0.000000	2.959115	
29-09-1987	0.000000	1.600000	0.000000	1.021790	0.000000	2.959115	
29-09-1987	0.000000	1.600000	0.000000	1.021810	0.000000	2.959113	
29-09-1987	0.000000	1.600000	0.000000	1.021810	0.000000	2.959113	
30-09-1987	0.000000	1.100000	0.000000	0.680494	0.000000	5.672840	
30-09-1987	0.000000	1.100000	0.000000	0.680494	0.000000	5.672840	
30-09-1987	0.000000	1.100000	0.000000	0.680476	0.000000	5.672844	
30-09-1987	0.000000	1.100000	0.000000	0.680476	0.000000	5.672844	
30-09-1987	0.000000	1.100000	0.000000	0.680494	0.000000	5.672840	
30-09-1987	0.000000	1.100000	0.000000	0.680494	0.000000	5.672840	
01-10-1987	0.000000	1.200000	0.000000	0.726392	0.000000	2.597483	
01-10-1987	0.000000	1.200000	0.000000	0.726392	0.000000	2.597483	
01-10-1987	0.000000	1.200000	0.000000	0.726368	0.000000	2.597485	
01-10-1987	0.000000	1.200000	0.000000	0.726368	0.000000	2.597485	
01-10-1987	0.000000	1.200000	0.000000	0.726392	0.000000	2.597483	
01-10-1987	0.000000	1.200000	0.000000	0.726392	0.000000	2.597483	
02-10-1987	0.000000	1.400000	0.000000	0.827591	0.000000	0.318532	
02-10-1987	0.000000	1.400000	0.000000	0.827591	0.000000	0.318532	
02-10-1987	0.000000	1.400000	0.000000	0.827556	0.000000	0.318533	
02-10-1987	0.000000	1.400000	0.000000	0.827556	0.000000	0.318533	
02-10-1987	0.000000	1.400000	0.000000	0.827591	0.000000	0.318532	
02-10-1987	0.000000	1.400000	0.000000	0.827591	0.000000	0.318532	
03-10-1987	0.000000	1.500000	0.000000	0.862477	0.000000	0.013792	
03-10-1987	0.000000	1.500000	0.000000	0.862477	0.000000	0.013792	
03-10-1987	0.000000	1.500000	0.000000	0.862431	0.000000	0.013792	
03-10-1987	0.000000	1.500000	0.000000	0.862431	0.000000	0.013792	
03-10-1987	0.000000	1.500000	0.000000	0.862477	0.000000	0.013792	
03-10-1987	0.000000	1.500000	0.000000	0.862477	0.000000	0.013792	
04-10-1987	0.000000	1.500000	0.000000	0.837258	0.000000	0.000258	
04-10-1987	0.000000	1.500000	0.000000	0.837258	0.000000	0.000258	
04-10-1987	0.000000	1.500000	0.000000	0.837202	0.000000	0.000258	
04-10-1987	0.000000	1.500000	0.000000	0.837202	0.000000	0.000258	
04-10-1987	0.000000	1.500000	0.000000	0.837258	0.000000	0.000258	
04-10-1987	0.000000	1.500000	0.000000	0.828466	0.015758	0.000258	
05-10-1987	0.000000	1.300000	0.000000	0.704435	0.000000	0.000002	
05-10-1987	0.000000	1.300000	0.000000	0.704435	0.000000	0.000002	
05-10-1987	0.000000	1.300000	0.000011	0.700666	0.006835	0.000002	
05-10-1987	0.000000	1.300000	0.000011	0.700666	0.006835	0.000002	
05-10-1987	0.000000	1.300000	0.000000	0.704435	0.000000	0.000002	
05-10-1987	0.000000	1.300000	0.000000	0.688544	0.029201	0.000002	
06-10-1987	3.534000	0.200000	0.000000	0.105636	0.000000	0.000000	
06-10-1987	3.534000	0.200000	0.000000	0.105636	0.000000	0.000000	
06-10-1987	3.534000	0.200000	0.004620	0.103182	0.000000	0.000000	
06-10-1987	3.534000	0.200000	0.004620	0.103182	0.000000	0.000000	
06-10-1987	3.534000	0.200000	0.000000	0.105636	0.000000	0.000000	
06-10-1987	3.534000	0.200000	0.007191	0.101809	0.000000	0.000000	
07-10-1987	13.680000	1.300000	0.000000	0.775530	0.000000	0.000000	
07-10-1987	13.680000	1.300000	0.000000	0.775530	0.000000	0.000000	
07-10-1987	13.680000	1.300000	0.054823	0.742167	0.000000	0.000000	
07-10-1987	13.680000	1.300000	0.054823	0.742167	0.000000	0.000000	
07-10-1987	13.680000	1.300000	0.000000	0.775530	0.000000	0.000000	
07-10-1987	13.680000	1.300000	0.065592	0.735417	0.000000	0.000000	
08-10-1987	2.850000	0.500000	0.000000	0.325000	0.000000	0.021808	
08-10-1987	2.850000	0.500000	0.000000	0.325000	0.000000	0.021808	
08-10-1987	2.850000	0.500000	0.029292	0.305906	0.000000	0.021663	
08-10-1987	2.850000	0.500000	0.029292	0.305906	0.000000	0.021663	
08-10-1987	2.850000	0.500000	0.000000	0.325000	0.000000	0.021808	
08-10-1987	2.850000	0.500000	0.031501	0.304569	0.000000	0.021450	
09-10-1987	7.524000	1.000000	0.000000	0.650000	0.000000	1.506252	
09-10-1987	7.524000	1.000000	0.000000	0.650000	0.000000	1.506252	
09-10-1987	7.524000	1.000000	0.077048	0.599790	0.000000	1.496935	
09-10-1987	7.524000	1.000000	0.077048	0.599790	0.000000	1.496935	
09-10-1987	7.524000	1.000000	0.000000	0.650000	0.000000	1.506252	
09-10-1987	7.524000	1.000000	0.077190	0.599960	0.000000	1.489602	
10-10-1987	0.000000	1.100000	0.000000	0.715000	0.000000	5.736838	
10-10-1987	0.000000	1.100000	0.000000	0.715000	0.000000	5.736838	
10-10-1987	0.000000	1.100000	0.066994	0.649960	0.032813	5.700589	
10-10-1987	0.000000	1.100000	0.066994	0.649960	0.032813	5.700589	
10-10-1987	0.000000	1.100000	0.000000	0.715000	0.000000	5.736838	
10-10-1987	0.000000	1.100000	0.066758	0.652440	0.029782	5.685332	
11-10-1987	0.000000	0.400000	0.000000	0.255348	0.000000	5.339658	
11-10-1987	0.000000	0.400000	0.000000	0.255348	0.000000	5.339658	
11-10-1987	0.000000	0.400000	0.000000	0.228256	0.042808	5.302708	
11-10-1987	0.000000	0.400000	0.000000	0.228256	0.042808	5.302708	
11-10-1987	0.000000	0.400000	0.000000	0.255348	0.000000	5.339658	
11-10-1987	0.000000	0.400000	0.000000	0.230119	0.040166	5.298732	
12-10-1987	0.000000	0.100000	0.000000	0.063337	0.000000	4.660103	
12-10-1987	0.000000	0.100000	0.000000	0.063337	0.000000	4.660103	
12-10-1987	0.000000	0.100000	0.000000	0.055469	0.012492	4.623713	
12-10-1987	0.000000	0.100000	0.000000	0.055469	0.012492	4.623713	
12-10-1987	0.000000	0.100000	0.000000	0.063337	0.000000	4.660103	
12-10-1987	0.000000	0.100000	0.000000	0.056201	0.011439	4.624308	
13-10-1987	21.888000	0.500000	0.000000	0.316066	0.000000	1.874760	
13-10-1987	21.888000	0.500000	0.000000	0.316066	0.000000	1.874760	
13-10-1987	21.888000	0.500000	0.068198	0.273161	0.000000	1.854369	
13-10-1987	21.888000	0.500000	0.068198	0.273161	0.000000	1.854368	
13-10-1987	21.888000	0.500000	0.000000	0.316066	0.000000	1.874760	
13-10-1987	21.888000	0.500000	0.061673	0.277646	0.000000	1.852905	
14-10-1987	0.000000	0.700000	0.000000	0.455000	0.000000	0.278870	
14-10-1987	0.000000	0.700000	0.000000	0.455000	0.000000	0.278870	
14-10-1987	0.000000	0.700000	0.103698	0.387433	0.000000	0.274312	
14-10-1987	0.000000	0.700000	0.103698	0.387433	0.000000	0.274312	
14-10-1987	0.000000	0.700000	0.000000	0.455000	0.000000	0.278870	
14-10-1987	0.000000	0.700000	0.092809	0.394958	0.000000	0.272590	
15-10-1987	2.394000	0.500000	0.000000	0.322375	0.000000	3.190794	
15-10-1987	2.394000	0.500000	0.000000	0.322375	0.000000	3.190794	
15-10-1987	2.394000	0.500000	0.080582	0.270646	0.000000	3.172432	
15-10-1987	2.394000	0.500000	0.080582	0.270646	0.000000	3.172432	
15-10-1987	2.394000	0.500000	0.000000	0.322375	0.000000	3.190794	
15-10-1987	2.394000	0.500000	0.071435	0.276873	0.000000	3.175201	
16-10-1987	13.680000	0.800000	0.000000	0.520000	0.000000	10.761691	
16-10-1987	13.680000	0.800000	0.000000	0.520000	0.000000	10.761691	
16-10-1987	13.680000	0.800000	0.140561	0.428409	0.000000	10.705534	
16-10-1987	13.680000	0.800000	0.140561	0.428409	0.000000	10.705535	
16-10-1987	13.680000	0.800000	0.000000	0.520000	0.000000	10.761691	
16-10-1987	13.680000	0.800000	0.123522	0.440154	0.000000	10.717030	
17-10-1987	0.114000	1.200000	0.000000	0.780000	0.000000	6.020430	
17-10-1987	0.114000	1.200000	0.000000	0.780000	0.000000	6.020430	
17-10-1987	0.114000	1.200000	0.233754	0.627676	0.000000	5.980099	
17-10-1987	0.114000	1.200000	0.233754	0.627676	0.000000	5.980100	
17-10-1987	0.114000	1.200000	0.000000	0.780000	0.000000	6.020430	
17-10-1987	0.114000	1.200000	0.203565	0.648492	0.000000	5.987744	
18-10-1987	0.000000	0.800000	0.000000	0.512159	0.000000	3.899827	
18-10-1987	0.000000	0.800000	0.000000	0.512159	0.000000	3.899827	
18-10-1987	0.000000	0.800000	0.041705	0.404006	0.127036	3.832542	
18-10-1987	0.000000	0.800000	0.041705	0.404006	0.127036	3.832542	
18-10-1987	0.000000	0.800000	0.000000	0.512159	0.000000	3.899827	
18-10-1987	0.000000	0.800000	0.049355	0.419205	0.096785	3.841713	
19-10-1987	0.000000	1.000000	0.000000	0.630174	0.000000	7.402996	
19-10-1987	0.000000	1.000000	0.000000	0.630174	0.000000	7.402996	
19-10-1987	0.000000	1.000000	0.000000	0.489641	0.223152	7.344209	
19-10-1987	0.000000	1.000000	0.000000	0.489642	0.223152	7.344207	
19-10-1987	0.000000	1.000000	0.000000	0.630174	0.000000	7.402996	
19-10-1987	0.000000	1.000000	0.000000	0.510338	0.192586	7.350780	
20-10-1987	0.000000	0.800000	0.000000	0.494276	0.000000	3.489881	
20-10-1987	0.000000	0.800000	0.000000	0.494276	0.000000	3.489881	
20-10-1987	0.000000	0.800000	0.000000	0.377375	0.189058	3.468218	
20-10-1987	0.000000	0.800000	0.000000	0.377376	0.189058	3.468207	
20-10-1987	0.000000	0.800000	0.000000	0.494276	0.000000	3.489881	
20-10-1987	0.000000	0.800000	0.000000	0.395389	0.162626	3.460480	
21-10-1987	0.000000	0.300000	0.000000	0.182455	0.000000	0.439048	
21-10-1987	0.000000	0.300000	0.000000	0.182455	0.000000	0.439048	
21-10-1987	0.000000	0.300000	0.000000	0.136840	0.074862	0.431935	
21-10-1987	0.000000	0.300000	0.000000	0.136840	0.074862	0.431926	
21-10-1987	0.000000	0.300000	0.000000	0.182455	0.000000	0.439048	
21-10-1987	0.000000	0.300000	0.000000	0.144113	0.064221	0.425244	
22-10-1987	0.000000	0.200000	0.000000	0.120924	0.000000	0.019695	
22-10-1987	0.000000	0.200000	0.000000	0.120924	0.000000	0.019695	
22-10-1987	0.000000	0.200000	0.000000	0.089070	0.052559	0.018702	
22-10-1987	0.000000	0.200000	0.000000	0.089070	0.052559	0.018700	
22-10-1987	0.000000	0.200000	0.000000	0.120924	0.000000	0.019695	
22-10-1987	0.000000	0.200000	0.000000	0.094243	0.044989	0.017742	
23-10-1987	6.840000	0.900000	0.000000	0.542030	0.000000	0.000387	
23-10-1987	6.840000	0.900000	0.000000	0.542030	0.000000	0.000387	
23-10-1987	6.840000	0.900000	0.248618	0.392051	0.000000	0.000345	
23-10-1987	6.840000	0.900000	0.248618	0.392053	0.000000	0.000345	
23-10-1987	6.840000	0.900000	0.000000	0.542030	0.000000	0.000387	
23-10-1987	6.840000	0.900000	0.212211	0.416736	0.000000	0.000304	
24-10-1987	0.228000	0.600000	0.000000	0.390000	0.000000	0.008758	
24-10-1987	0.228000	0.600000	0.000000	0.390000	0.000000	0.008758	
24-10-1987	0.228000	0.600000	0.172979	0.277244	0.000000	0.004981	
24-10-1987	0.228000	0.600000	0.172979	0.277244	0.000000	0.004980	
24-10-1987	0.228000	0.600000	0.000000	0.390000	0.000000	0.008758	
24-10-1987	0.228000	0.600000	0.141094	0.299034	0.000000	0.004488	
25-10-1987	0.000000	0.600000	0.000000	0.388973	0.000000	0.582097	
25-10-1987	0.000000	0.600000	0.000000	0.388973	0.000000	0.582097	
25-10-1987	0.000000	0.600000	0.176935	0.273174	0.000000	0.446603	
25-10-1987	0.000000	0.600000	0.176934	0.273175	0.000000	0.446587	
25-10-1987	0.000000	0.600000	0.000000	0.388973	0.000000	0.582097	
25-10-1987	0.000000	0.600000	0.141013	0.297707	0.000000	0.452957	
26-10-1987	0.456000	0.400000	0.000000	0.256268	0.000000	2.011149	
26-10-1987	0.456000	0.400000	0.000000	0.256268	0.000000	2.011149	
26-10-1987	0.456000	0.400000	0.108888	0.186395	0.000000	1.720317	
26-10-1987	0.456000	0.400000	0.108792	0.186457	0.000000	1.720331	
26-10-1987	0.456000	0.400000	0.000000	0.256268	0.000000	2.011149	
26-10-1987	0.456000	0.400000	0.093908	0.196731	0.000000	1.777674	
27-10-1987	0.000000	0.600000	0.000000	0.386845	0.000000	1.049359	
27-10-1987	0.000000	0.600000	0.000000	0.386845	0.000000	1.049359	
27-10-1987	0.000000	0.600000	0.157515	0.283343	0.000000	0.947263	
27-10-1987	0.000000	0.600000	0.105179	0.316807	0.000000	0.947281	
27-10-1987	0.000000	0.600000	0.000000	0.386845	0.000000	1.049359	
27-10-1987	0.000000	0.600000	0.140784	0.295392	0.000000	0.977211	
28-10-1987	0.000000	0.500000	0.000000	0.318583	0.000000	0.136129	
28-10-1987	0.000000	0.500000	0.000000	0.318583	0.000000	0.136129	
28-10-1987	0.000000	0.500000	0.108375	0.231664	0.026623	0.126958	
28-10-1987	0.000000	0.500000	0.089537	0.260233	0.000000	0.126960	
28-10-1987	0.000000	0.500000	0.000000	0.318583	0.000000	0.136129	
28-10-1987	0.000000	0.500000	0.080230	0.244002	0.036944	0.130167	
29-10-1987	20.178000	0.100000	0.000000	0.063093	0.000000	0.006115	
29-10-1987	20.178000	0.100000	0.000000	0.063093	0.000000	0.006115	
29-10-1987	20.178000	0.100000	0.027584	0.045612	0.000000	0.005853	
29-10-1987	20.178000	0.100000	0.018195	0.051443	0.000000	0.005853	
29-10-1987	20.178000	0.100000	0.000000	0.063093	0.000000	0.006115	
29-10-1987	20.178000	0.100000	0.023402	0.048428	0.000000	0.005963	
30-10-1987	5.928000	0.200000	0.000000	0.130000	0.000000	0.049970	
30-10-1987	5.928000	0.200000	0.000000	0.130000	0.000000	0.049970	
30-10-1987	5.928000	0.200000	0.055342	0.093873	0.000000	0.049937	
30-10-1987	5.928000	0.200000	0.036467	0.106099	0.000000	0.050405	
30-10-1987	5.928000	0.200000	0.000000	0.130000	0.000000	0.049970	
30-10-1987	5.928000	0.200000	0.046742	0.099817	0.000000	0.049153	
31-10-1987	0.228000	0.100000	0.000000	0.065000	0.000000	2.986544	
31-10-1987	0.228000	0.100000	0.000000	0.065000	0.000000	2.986544	
31-10-1987	0.228000	0.100000	0.027871	0.046803	0.000000	2.961268	
31-10-1987	0.228000	0.100000	0.018330	0.052982	0.000000	2.980718	
31-10-1987	0.228000	0.100000	0.000000	0.065000	0.000000	2.986544	
31-10-1987	0.228000	0.100000	0.023355	0.049916	0.000000	2.958897	
01-11-1987	2.460000	0.100000	0.000000	0.065000	0.000000	10.988127	
01-11-1987	2.460000	0.100000	0.000000	0.065000	0.000000	10.988127	
01-11-1987	2.460000	0.100000	0.028019	0.046704	0.000000	10.840661	
01-11-1987	2.460000	0.100000	0.018399	0.052933	0.000000	10.912551	
01-11-1987	2.460000	0.100000	0.000000	0.065000	0.000000	10.988127	
01-11-1987	2.460000	0.100000	0.023348	0.049919	0.000000	10.864138	
02-11-1987	0.000000	0.200000	0.000000	0.130000	0.000000	8.414779	
02-11-1987	0.000000	0.200000	0.000000	0.130000	0.000000	8.414779	
02-11-1987	0.000000	0.200000	0.056256	0.093259	0.000000	8.300956	
02-11-1987	0.000000	0.200000	0.036898	0.105792	0.000000	8.348237	
02-11-1987	0.000000	0.200000	0.000000	0.130000	0.000000	8.414779	
02-11-1987	0.000000	0.200000	0.046664	0.099854	0.000000	8.322777	
03-11-1987	0.000000	0.700000	0.000000	0.453592	0.000000	2.764232	
03-11-1987	0.000000	0.700000	0.000000	0.453592	0.000000	2.764232	
03-11-1987	0.000000	0.700000	0.198383	0.324720	0.000000	2.733530	
03-11-1987	0.000000	0.700000	0.129856	0.368861	0.000000	2.745380	
03-11-1987	0.000000	0.700000	0.000000	0.453592	0.000000	2.764232	
03-11-1987	0.000000	0.700000	0.163176	0.348759	0.000000	2.740489	
04-11-1987	0.000000	0.500000	0.000000	0.319553	0.000000	1.540852	
04-11-1987	0.000000	0.500000	0.000000	0.319553	0.000000	1.540852	
04-11-1987	0.000000	0.500000	0.020821	0.227003	0.124746	1.530827	
04-11-1987	0.000000	0.500000	0.004375	0.259170	0.090251	1.534693	
04-11-1987	0.000000	0.500000	0.000000	0.319553	0.000000	1.540852	
04-11-1987	0.000000	0.500000	0.010142	0.246563	0.106158	1.533742	
05-11-1987	0.123000	0.500000	0.000000	0.316426	0.000000	0.635355	
05-11-1987	0.123000	0.500000	0.000000	0.316426	0.000000	0.635355	
05-11-1987	0.123000	0.500000	0.123000	0.223226	0.025431	0.634141	
05-11-1987	0.123000	0.500000	0.096194	0.255859	0.000000	0.634660	
05-11-1987	0.123000	0.500000	0.000000	0.316426	0.000000	0.635355	
05-11-1987	0.123000	0.500000	0.116318	0.244431	0.000000	0.634204	
06-11-1987	0.000000	0.300000	0.000000	0.188733	0.000000	0.078120	
06-11-1987	0.000000	0.300000	0.000000	0.188733	0.000000	0.078120	
06-11-1987	0.000000	0.300000	0.000000	0.132015	0.090358	0.078293	
06-11-1987	0.000000	0.300000	0.026806	0.151816	0.031575	0.078095	
06-11-1987	0.000000	0.300000	0.000000	0.188733	0.000000	0.078120	
06-11-1987	0.000000	0.300000	0.006682	0.145590	0.062965	0.076806	
07-11-1987	0.000000	0.400000	0.000000	0.250167	0.000000	0.003388	
07-11-1987	0.000000	0.400000	0.000000	0.250167	0.000000	0.003388	
07-11-1987	0.000000	0.400000	0.000000	0.174246	0.121663	0.003336	
07-11-1987	0.000000	0.400000	0.000000	0.200963	0.078331	0.003303	
07-11-1987	0.000000	0.400000	0.000000	0.250167	0.000000	0.003388	
07-11-1987	0.000000	0.400000	0.000000	0.193156	0.092721	0.002991	
08-11-1987	0.000000	0.300000	0.000000	0.186157	0.000000	0.000062	
08-11-1987	0.000000	0.300000	0.000000	0.186157	0.000000	0.000062	
08-11-1987	0.000000	0.300000	0.000000	0.128818	0.092623	0.000058	
08-11-1987	0.000000	0.300000	0.000000	0.149130	0.059442	0.000056	
08-11-1987	0.000000	0.300000	0.000000	0.186157	0.000000	0.000062	
08-11-1987	0.000000	0.300000	0.000000	0.143882	0.069435	0.000043	
09-11-1987	2.952000	0.100000	0.000000	0.061688	0.000000	0.000001	
09-11-1987	2.952000	0.100000	0.000000	0.061688	0.000000	0.000001	
09-11-1987	2.952000	0.100000	0.031305	0.042474	0.000000	0.000000	
09-11-1987	2.952000	0.100000	0.020051	0.049314	0.000000	0.000000	
09-11-1987	2.952000	0.100000	0.000000	0.061688	0.000000	0.000001	
09-11-1987	2.952000	0.100000	0.023153	0.047715	0.000000	0.000000	
10-11-1987	0.123000	0.300000	0.000000	0.195000	0.000000	0.001943	
10-11-1987	0.123000	0.300000	0.000000	0.195000	0.000000	0.001943	
10-11-1987	0.123000	0.300000	0.094255	0.133374	0.000000	0.000334	
10-11-1987	0.123000	0.300000	0.060303	0.155318	0.000000	0.000638	
10-11-1987	0.123000	0.300000	0.000000	0.195000	0.000000	0.001943	
10-11-1987	0.123000	0.300000	0.069450	0.150044	0.000000	0.000280	
11-11-1987	0.000000	0.200000	0.000000	0.129852	0.000000	0.161400	
11-11-1987	0.000000	0.200000	0.000000	0.129852	0.000000	0.161400	
11-11-1987	0.000000	0.200000	0.063482	0.088274	0.000000	0.077459	
11-11-1987	0.000000	0.200000	0.040517	0.103128	0.000000	0.105077	
11-11-1987	0.000000	0.200000	0.000000	0.129852	0.000000	0.161400	
11-11-1987	0.000000	0.200000	0.046295	0.099823	0.000000	0.086938	
12-11-1987	15.867000	0.100000	0.000000	0.064672	0.000000	0.615928	
12-11-1987	15.867000	0.100000	0.000000	0.064672	0.000000	0.615928	
12-11-1987	15.867000	0.100000	0.031916	0.043903	0.000000	0.417841	
12-11-1987	15.867000	0.100000	0.020337	0.051349	0.000000	0.495409	
12-11-1987	15.867000	0.100000	0.000000	0.064672	0.000000	0.615928	
12-11-1987	15.867000	0.100000	0.023147	0.049761	0.000000	0.478200	
13-11-1987	20.910000	0.200000	0.000000	0.130000	0.000000	0.385215	
13-11-1987	20.910000	0.200000	0.000000	0.130000	0.000000	0.385215	
13-11-1987	20.910000	0.200000	0.064009	0.088133	0.000000	0.315800	
13-11-1987	20.910000	0.200000	0.040750	0.103158	0.000000	0.344021	
13-11-1987	20.910000	0.200000	0.000000	0.130000	0.000000	0.385215	
13-11-1987	20.910000	0.200000	0.046268	0.100044	0.000000	0.347423	
14-11-1987	8.241000	0.500000	0.000000	0.325000	0.000000	2.655701	
14-11-1987	8.241000	0.500000	0.000000	0.325000	0.000000	2.655701	
14-11-1987	8.241000	0.500000	0.160986	0.219687	0.000000	2.641427	
14-11-1987	8.241000	0.500000	0.102347	0.257558	0.000000	2.647019	
14-11-1987	8.241000	0.500000	0.000000	0.325000	0.000000	2.655701	
14-11-1987	8.241000	0.500000	0.115624	0.250134	0.000000	2.647608	
15-11-1987	0.492000	0.400000	0.000000	0.260000	0.000000	11.473185	
15-11-1987	0.492000	0.400000	0.000000	0.260000	0.000000	11.473185	
15-11-1987	0.492000	0.400000	0.131087	0.174244	0.000000	11.429724	
15-11-1987	0.492000	0.400000	0.083074	0.205246	0.000000	11.446546	
15-11-1987	0.492000	0.400000	0.000000	0.260000	0.000000	11.473185	
15-11-1987	0.492000	0.400000	0.092456	0.200128	0.000000	11.443997	
16-11-1987	9.225000	0.100000	0.000000	0.065000	0.000000	16.408140	
16-11-1987	9.225000	0.100000	0.000000	0.065000	0.000000	16.408140	
16-11-1987	9.225000	0.100000	0.033278	0.043230	0.000000	16.362037	
16-11-1987	9.225000	0.100000	0.021032	0.051136	0.000000	16.379766	
16-11-1987	9.225000	0.100000	0.000000	0.065000	0.000000	16.408140	
16-11-1987	9.225000	0.100000	0.023108	0.050035	0.000000	16.376561	
17-11-1987	2.091000	0.300000	0.000000	0.195000	0.000000	10.585035	
17-11-1987	2.091000	0.300000	0.000000	0.195000	0.000000	10.585035	
17-11-1987	2.091000	0.300000	0.100176	0.129450	0.000000	10.534607	
17-11-1987	2.091000	0.300000	0.063251	0.153283	0.000000	10.553996	
17-11-1987	2.091000	0.300000	0.000000	0.195000	0.000000	10.585035	
17-11-1987	2.091000	0.300000	0.069281	0.150125	0.000000	10.550554	
18-11-1987	0.123000	0.300000	0.000000	0.195000	0.000000	4.606505	
18-11-1987	0.123000	0.300000	0.000000	0.195000	0.000000	4.606505	
18-11-1987	0.123000	0.300000	0.100836	0.129002	0.000000	4.556685	
18-11-1987	0.123000	0.300000	0.063571	0.153048	0.000000	4.576278	
18-11-1987	0.123000	0.300000	0.000000	0.195000	0.000000	4.606505	
18-11-1987	0.123000	0.300000	0.069216	0.150156	0.000000	4.574583	
19-11-1987	9.225000	0.200000	0.000000	0.129855	0.000000	5.528656	
19-11-1987	9.225000	0.200000	0.000000	0.129855	0.000000	5.528656	
19-11-1987	9.225000	0.200000	0.067685	0.085470	0.000000	5.496343	
19-11-1987	9.225000	0.200000	0.042603	0.101664	0.000000	5.509454	
19-11-1987	9.225000	0.200000	0.000000	0.129855	0.000000	5.528656	
19-11-1987	9.225000	0.200000	0.046095	0.099923	0.000000	5.509625	
20-11-1987	1.476000	0.200000	0.000000	0.130000	0.000000	3.466031	
20-11-1987	1.476000	0.200000	0.000000	0.130000	0.000000	3.466031	
20-11-1987	1.476000	0.200000	0.067993	0.085472	0.000000	3.441909	
20-11-1987	1.476000	0.200000	0.042739	0.101757	0.000000	3.451530	
20-11-1987	1.476000	0.200000	0.000000	0.130000	0.000000	3.466031	
20-11-1987	1.476000	0.200000	0.046038	0.100155	0.000000	3.450965	
21-11-1987	1.230000	0.200000	0.000000	0.130000	0.000000	2.337659	
21-11-1987	1.230000	0.200000	0.000000	0.130000	0.000000	2.337659	
21-11-1987	1.230000	0.200000	0.068495	0.085139	0.000000	2.319831	
21-11-1987	1.230000	0.200000	0.042986	0.101585	0.000000	2.326915	
21-11-1987	1.230000	0.200000	0.000000	0.130000	0.000000	2.337659	
21-11-1987	1.230000	0.200000	0.046030	0.100159	0.000000	2.326308	
22-11-1987	7.011000	0.100000	0.000000	0.065000	0.000000	5.075161	
22-11-1987	7.011000	0.100000	0.000000	0.065000	0.000000	5.075161	
22-11-1987	7.011000	0.100000	0.034398	0.042468	0.000000	5.033487	
22-11-1987	7.011000	0.100000	0.021558	0.050745	0.000000	5.049932	
22-11-1987	7.011000	0.100000	0.000000	0.065000	0.000000	5.075161	
22-11-1987	7.011000	0.100000	0.023015	0.050079	0.000000	5.048861	
23-11-1987	0.000000	0.200000	0.000000	0.130000	0.000000	3.316594	
23-11-1987	0.000000	0.200000	0.000000	0.130000	0.000000	3.316594	
23-11-1987	0.000000	0.200000	0.069067	0.084754	0.000000	3.278835	
23-11-1987	0.000000	0.200000	0.043234	0.101404	0.000000	3.293794	
23-11-1987	0.000000	0.200000	0.000000	0.130000	0.000000	3.316594	
23-11-1987	0.000000	0.200000	0.046030	0.100159	0.000000	3.292933	
24-11-1987	0.246000	0.200000	0.000000	0.129686	0.000000	2.427349	
24-11-1987	0.246000	0.200000	0.000000	0.129686	0.000000	2.427349	
24-11-1987	0.246000	0.200000	0.069401	0.084405	0.000000	2.400815	
24-11-1987	0.246000	0.200000	0.043390	0.101108	0.000000	2.411488	
24-11-1987	0.246000	0.200000	0.000000	0.129686	0.000000	2.427349	
24-11-1987	0.246000	0.200000	0.046025	0.099983	0.000000	2.411142	
25-11-1987	0.000000	0.100000	0.000000	0.065000	0.000000	4.004451	
25-11-1987	0.000000	0.100000	0.000000	0.065000	0.000000	4.004451	
25-11-1987	0.000000	0.100000	0.034882	0.042108	0.000000	3.991317	
25-11-1987	0.000000	0.100000	0.021776	0.050587	0.000000	3.996637	
25-11-1987	0.000000	0.100000	0.000000	0.065000	0.000000	4.004451	
25-11-1987	0.000000	0.100000	0.023013	0.050077	0.000000	3.996625	
26-11-1987	1.722000	0.000000	0.000000	0.000000	0.000000	1.857269	
26-11-1987	1.722000	0.000000	0.000000	0.000000	0.000000	1.857269	
26-11-1987	1.722000	0.000000	0.000000	0.000000	0.000000	1.855333	
26-11-1987	1.722000	0.000000	0.000000	0.000000	0.000000	1.854198	
26-11-1987	1.722000	0.000000	0.000000	0.000000	0.000000	1.857269	
26-11-1987	1.722000	0.000000	0.000000	0.000000	0.000000	1.854412	
27-11-1987	1.599000	0.200000	0.000000	0.130000	0.000000	0.258889	
27-11-1987	1.599000	0.200000	0.000000	0.130000	0.000000	0.258889	
27-11-1987	1.599000	0.200000	0.069940	0.084166	0.000000	0.242225	
27-11-1987	1.599000	0.200000	0.043605	0.101131	0.000000	0.241371	
27-11-1987	1.599000	0.200000	0.000000	0.130000	0.000000	0.258889	
27-11-1987	1.599000	0.200000	0.046025	0.100161	0.000000	0.241442	
28-11-1987	0.246000	0.100000	0.000000	0.065000	0.000000	0.304863	
28-11-1987	0.246000	0.100000	0.000000	0.065000	0.000000	0.304863	
28-11-1987	0.246000	0.100000	0.035064	0.042022	0.000000	0.284970	
28-11-1987	0.246000	0.100000	0.021839	0.050541	0.000000	0.292045	
28-11-1987	0.246000	0.100000	0.000000	0.065000	0.000000	0.304863	
28-11-1987	0.246000	0.100000	0.023013	0.050080	0.000000	0.291573	
29-11-1987	0.000000	0.100000	0.000000	0.065000	0.000000	1.121277	
29-11-1987	0.000000	0.100000	0.000000	0.065000	0.000000	1.121277	
29-11-1987	0.000000	0.100000	0.035099	0.041998	0.000000	1.091974	
29-11-1987	0.000000	0.100000	0.021848	0.050533	0.000000	1.111224	
29-11-1987	0.000000	0.100000	0.000000	0.065000	0.000000	1.121277	
29-11-1987	0.000000	0.100000	0.023013	0.050080	0.000000	1.110330	
30-11-1987	0.000000	0.300000	0.000000	0.194652	0.000000	1.242744	
30-11-1987	0.000000	0.300000	0.000000	0.194652	0.000000	1.242744	
30-11-1987	0.000000	0.300000	0.105374	0.125800	0.000000	1.217451	
30-11-1987	0.000000	0.300000	0.065571	0.151372	0.000000	1.230712	
30-11-1987	0.000000	0.300000	0.000000	0.194652	0.000000	1.242744	
30-11-1987	0.000000	0.300000	0.069038	0.150038	0.000000	1.229794	
01-12-1987	0.000000	0.300000	0.000000	0.193509	0.000000	0.543460	
01-12-1987	0.000000	0.300000	0.000000	0.193509	0.000000	0.543460	
01-12-1987	0.000000	0.300000	0.106301	0.124723	0.000000	0.528126	
01-12-1987	0.000000	0.300000	0.065939	0.150438	0.000000	0.534634	
01-12-1987	0.000000	0.300000	0.000000	0.193509	0.000000	0.543460	
01-12-1987	0.000000	0.300000	0.069038	0.149359	0.000000	0.534081	
02-12-1987	0.000000	0.400000	0.000000	0.190667	0.000000	0.100858	
02-12-1987	0.000000	0.400000	0.000000	0.190667	0.000000	0.100858	
02-12-1987	0.000000	0.400000	0.116725	0.122718	0.025035	0.096444	
02-12-1987	0.000000	0.400000	0.056310	0.148141	0.031493	0.098263	
02-12-1987	0.000000	0.400000	0.000000	0.190667	0.000000	0.100858	
02-12-1987	0.000000	0.400000	0.056208	0.147091	0.035778	0.098132	
03-12-1987	0.000000	0.100000	0.000000	0.022609	0.000000	0.008076	
03-12-1987	0.000000	0.100000	0.000000	0.022609	0.000000	0.008076	
03-12-1987	0.000000	0.100000	0.000000	0.014513	0.035307	0.007688	
03-12-1987	0.000000	0.100000	0.000000	0.017532	0.021874	0.007851	
03-12-1987	0.000000	0.100000	0.000000	0.022609	0.000000	0.008076	
03-12-1987	0.000000	0.100000	0.000000	0.017426	0.022867	0.007835	
04-12-1987	0.000000	0.100000	0.000000	0.016174	0.000000	0.000271	
04-12-1987	0.000000	0.100000	0.000000	0.016174	0.000000	0.000271	
04-12-1987	0.000000	0.100000	0.000000	0.010396	0.035307	0.000262	
04-12-1987	0.000000	0.100000	0.000000	0.012552	0.021874	0.000266	
04-12-1987	0.000000	0.100000	0.000000	0.016174	0.000000	0.000271	
04-12-1987	0.000000	0.100000	0.000000	0.012490	0.022762	0.000260	
05-12-1987	0.000000	0.100000	0.000000	0.016154	0.000000	0.000004	
05-12-1987	0.000000	0.100000	0.000000	0.016154	0.000000	0.000004	
05-12-1987	0.000000	0.100000	0.000000	0.010261	0.035307	0.000004	
05-12-1987	0.000000	0.100000	0.000000	0.012431	0.021874	0.000004	
05-12-1987	0.000000	0.100000	0.000000	0.016154	0.000000	0.000004	
05-12-1987	0.000000	0.100000	0.000000	0.012381	0.022657	0.000003	
06-12-1987	0.000000	0.300000	0.000000	0.048398	0.000000	0.000000	
06-12-1987	0.000000	0.300000	0.000000	0.048398	0.000000	0.000000	
06-12-1987	0.000000	0.300000	0.000000	0.031082	0.105922	0.000000	
06-12-1987	0.000000	0.300000	0.000000	0.037546	0.065623	0.000000	
06-12-1987	0.000000	0.300000	0.000000	0.048398	0.000000	0.000000	
06-12-1987	0.000000	0.300000	0.000000	0.037442	0.067657	0.000000	
07-12-1987	0.822000	0.200000	0.200000	0.000000	0.000000	0.000000	
07-12-1987	0.822000	0.200000	0.200000	0.000000	0.000000	0.000000	
07-12-1987	0.822000	0.200000	0.199420	0.000000	0.000000	0.000000	
07-12-1987	0.822000	0.200000	0.199174	0.000000	0.000000	0.000000	
07-12-1987	0.822000	0.200000	0.200000	0.000000	0.000000	0.000000	
07-12-1987	0.822000	0.200000	0.199913	0.000000	0.000000	0.000000	
08-12-1987	0.000000	0.400000	0.000000	0.123872	0.000000	0.000000	
08-12-1987	0.000000	0.400000	0.000000	0.123872	0.000000	0.000000	
08-12-1987	0.000000	0.400000	0.141999	0.007047	0.000000	0.000000	
08-12-1987	0.000000	0.400000	0.088023	0.008676	0.000000	0.000000	
08-12-1987	0.000000	0.400000	0.000000	0.123872	0.000000	0.000000	
08-12-1987	0.000000	0.400000	0.090096	0.008677	0.000000	0.000000	
09-12-1987	0.000000	0.300000	0.000000	0.141321	0.000000	0.000000	
09-12-1987	0.000000	0.300000	0.000000	0.141321	0.000000	0.000000	
09-12-1987	0.000000	0.300000	0.106499	0.004084	0.000000	0.000000	
09-12-1987	0.000000	0.300000	0.066017	0.050911	0.000000	0.000000	
09-12-1987	0.000000	0.300000	0.000000	0.141321	0.000000	0.000000	
09-12-1987	0.000000	0.300000	0.067277	0.051849	0.000000	0.000000	
10-12-1987	0.000000	0.200000	0.000000	0.128728	0.000000	0.000000	
10-12-1987	0.000000	0.200000	0.000000	0.128728	0.000000	0.000000	
10-12-1987	0.000000	0.200000	0.070999	0.057943	0.000000	0.000000	
10-12-1987	0.000000	0.200000	0.044012	0.094796	0.000000	0.000000	
10-12-1987	0.000000	0.200000	0.000000	0.128728	0.000000	0.000000	
10-12-1987	0.000000	0.200000	0.044655	0.095142	0.000000	0.000000	
11-12-1987	0.000000	0.300000	0.000000	0.192336	0.000000	0.000000	
11-12-1987	0.000000	0.300000	0.000000	0.192336	0.000000	0.000000	
11-12-1987	0.000000	0.300000	0.107003	0.115151	0.000000	0.000000	
11-12-1987	0.000000	0.300000	0.066240	0.149281	0.000000	0.000000	
11-12-1987	0.000000	0.300000	0.000000	0.192336	0.000000	0.000000	
11-12-1987	0.000000	0.300000	0.066982	0.149426	0.000000	0.000000	
12-12-1987	0.000000	0.300000	0.000000	0.145717	0.000000	0.000000	
12-12-1987	0.000000	0.300000	0.000000	0.145717	0.000000	0.000000	
12-12-1987	0.000000	0.300000	0.084672	0.084219	0.023145	0.000000	
12-12-1987	0.000000	0.300000	0.035270	0.111365	0.031156	0.000000	
12-12-1987	0.000000	0.300000	0.000000	0.145717	0.000000	0.000000	
12-12-1987	0.000000	0.300000	0.034501	0.111663	0.032349	0.000000	
13-12-1987	0.000000	0.200000	0.000000	0.126916	0.000000	0.000000	
13-12-1987	0.000000	0.200000	0.000000	0.126916	0.000000	0.000000	
13-12-1987	0.000000	0.200000	0.000000	0.077758	0.071614	0.000000	
13-12-1987	0.000000	0.200000	0.000000	0.098545	0.044153	0.000000	
13-12-1987	0.000000	0.200000	0.000000	0.126916	0.000000	0.000000	
13-12-1987	0.000000	0.200000	0.000000	0.098898	0.044263	0.000000	
14-12-1987	0.411000	0.100000	0.000000	0.063209	0.000000	0.000000	
14-12-1987	0.411000	0.100000	0.000000	0.063209	0.000000	0.000000	
14-12-1987	0.411000	0.100000	0.036032	0.040407	0.000000	0.000000	
14-12-1987	0.411000	0.100000	0.022222	0.049079	0.000000	0.000000	
14-12-1987	0.411000	0.100000	0.000000	0.063209	0.000000	0.000000	
14-12-1987	0.411000	0.100000	0.022229	0.049276	0.000000	0.000000	
15-12-1987	0.274000	0.200000	0.000000	0.127809	0.000000	0.000000	
15-12-1987	0.274000	0.200000	0.000000	0.127809	0.000000	0.000000	
15-12-1987	0.274000	0.200000	0.072125	0.080673	0.000000	0.000000	
15-12-1987	0.274000	0.200000	0.044461	0.098536	0.000000	0.000000	
15-12-1987	0.274000	0.200000	0.000000	0.127809	0.000000	0.000000	
15-12-1987	0.274000	0.200000	0.044457	0.098953	0.000000	0.000000	
16-12-1987	0.000000	0.100000	0.000000	0.064201	0.000000	0.000000	
16-12-1987	0.000000	0.100000	0.000000	0.064201	0.000000	0.000000	
16-12-1987	0.000000	0.100000	0.036225	0.040386	0.000000	0.000000	
16-12-1987	0.000000	0.100000	0.022292	0.049431	0.000000	0.000000	
16-12-1987	0.000000	0.100000	0.000000	0.064201	0.000000	0.000000	
16-12-1987	0.000000	0.100000	0.022229	0.049681	0.000000	0.000000	
17-12-1987	0.000000	0.000000	0.000000	0.000000	0.000000	0.000000	
17-12-1987	0.000000	0.000000	0.000000	0.000000	0.000000	0.000000	
17-12-1987	0.000000	0.000000	0.000000	0.000000	0.000000	0.000000	
17-12-1987	0.000000	0.000000	0.000000	0.000000	0.000000	0.000000	
17-12-1987	0.000000	0.000000	0.000000	0.000000	0.000000	0.000000	
17-12-1987	0.000000	0.000000	0.000000	0.000000	0.000000	0.000000	
18-12-1987	7.124000	0.000000	0.000000	0.000000	0.000000	0.000001	
18-12-1987	7.124000	0.000000	0.000000	0.000000	0.000000	0.000001	
18-12-1987	7.124000	0.000000	0.000000	0.000000	0.000000	0.000000	
18-12-1987	7.124000	0.000000	0.000000	0.000000	0.000000	0.000000	
18-12-1987	7.124000	0.000000	0.000000	0.000000	0.000000	0.000001	
18-12-1987	7.124000	0.000000	0.000000	0.000000	0.000000	0.000000	
19-12-1987	20.139000	0.100000	0.000000	0.065000	0.000000	0.017283	
19-12-1987	20.139000	0.100000	0.000000	0.065000	0.000000	0.017283	
19-12-1987	20.139000	0.100000	0.036384	0.041149	0.000000	0.011894	
19-12-1987	20.139000	0.100000	0.022334	0.050192	0.000000	0.012816	
19-12-1987	20.139000	0.100000	0.000000	0.065000	0.000000	0.017283	
19-12-1987	20.139000	0.100000	0.022229	0.050455	0.000000	0.010678	
20-12-1987	0.411000	0.100000	0.000000	0.065000	0.000000	1.103559	
20-12-1987	0.411000	0.100000	0.000000	0.065000	0.000000	1.103559	
20-12-1987	0.411000	0.100000	0.036425	0.041117	0.000000	0.970573	
20-12-1987	0.411000	0.100000	0.022343	0.050179	0.000000	1.016113	
20-12-1987	0.411000	0.100000	0.000000	0.065000	0.000000	1.103559	
20-12-1987	0.411000	0.100000	0.022224	0.050457	0.000000	0.998138	
21-12-1987	1.507000	0.200000	0.000000	0.130000	0.000000	6.611735	
21-12-1987	1.507000	0.200000	0.000000	0.130000	0.000000	6.611735	
21-12-1987	1.507000	0.200000	0.072822	0.082236	0.000000	6.358872	
21-12-1987	1.507000	0.200000	0.044634	0.100369	0.000000	6.478328	
21-12-1987	1.507000	0.200000	0.000000	0.130000	0.000000	6.611735	
21-12-1987	1.507000	0.200000	0.044430	0.100923	0.000000	6.483559	
22-12-1987	5.343000	0.200000	0.000000	0.130000	0.000000	12.354551	
22-12-1987	5.343000	0.200000	0.000000	0.130000	0.000000	12.354551	
22-12-1987	5.343000	0.200000	0.073233	0.081955	0.000000	12.251748	
22-12-1987	5.343000	0.200000	0.044821	0.100227	0.000000	12.307407	
22-12-1987	5.343000	0.200000	0.000000	0.130000	0.000000	12.354551	
22-12-1987	5.343000	0.200000	0.044412	0.100932	0.000000	12.312395	
23-12-1987	0.000000	0.200000	0.000000	0.130000	0.000000	6.229950	
23-12-1987	0.000000	0.200000	0.000000	0.130000	0.000000	6.229950	
23-12-1987	0.000000	0.200000	0.073625	0.081689	0.000000	6.204338	
23-12-1987	0.000000	0.200000	0.045002	0.100092	0.000000	6.216857	
23-12-1987	0.000000	0.200000	0.000000	0.130000	0.000000	6.229950	
23-12-1987	0.000000	0.200000	0.044398	0.100939	0.000000	6.217276	
24-12-1987	0.000000	0.200000	0.000000	0.129653	0.000000	2.476270	
24-12-1987	0.000000	0.200000	0.000000	0.129653	0.000000	2.476270	
24-12-1987	0.000000	0.200000	0.073903	0.081378	0.000000	2.454387	
24-12-1987	0.000000	0.200000	0.045126	0.099808	0.000000	2.463466	
24-12-1987	0.000000	0.200000	0.000000	0.129653	0.000000	2.476270	
24-12-1987	0.000000	0.200000	0.044390	0.100750	0.000000	2.463454	
25-12-1987	0.000000	0.100000	0.000000	0.064572	0.000000	3.154923	
25-12-1987	0.000000	0.100000	0.000000	0.064572	0.000000	3.154923	
25-12-1987	0.000000	0.100000	0.037115	0.040482	0.000000	3.134251	
25-12-1987	0.000000	0.100000	0.022622	0.049712	0.000000	3.142603	
25-12-1987	0.000000	0.100000	0.000000	0.064572	0.000000	3.154923	
25-12-1987	0.000000	0.100000	0.022195	0.050222	0.000000	3.142990	
26-12-1987	0.000000	0.100000	0.000000	0.064446	0.000000	1.408926	
26-12-1987	0.000000	0.100000	0.000000	0.064446	0.000000	1.408926	
26-12-1987	0.000000	0.100000	0.037131	0.040418	0.000000	1.404201	
26-12-1987	0.000000	0.100000	0.022617	0.049635	0.000000	1.405593	
26-12-1987	0.000000	0.100000	0.000000	0.064446	0.000000	1.408926	
26-12-1987	0.000000	0.100000	0.022195	0.050145	0.000000	1.405784	
27-12-1987	8.494000	0.200000	0.000000	0.128640	0.000000	0.176572	
27-12-1987	8.494000	0.200000	0.000000	0.128640	0.000000	0.176572	
27-12-1987	8.494000	0.200000	0.074334	0.080679	0.000000	0.177201	
27-12-1987	8.494000	0.200000	0.045246	0.099097	0.000000	0.176714	
27-12-1987	8.494000	0.200000	0.000000	0.128640	0.000000	0.176572	
27-12-1987	8.494000	0.200000	0.044383	0.100142	0.000000	0.176724	
28-12-1987	12.604000	0.100000	0.000000	0.065000	0.000000	0.033219	
28-12-1987	12.604000	0.100000	0.000000	0.065000	0.000000	0.033219	
28-12-1987	12.604000	0.100000	0.037342	0.040476	0.000000	0.033221	
28-12-1987	12.604000	0.100000	0.022698	0.049882	0.000000	0.033214	
28-12-1987	12.604000	0.100000	0.000000	0.065000	0.000000	0.033219	
28-12-1987	12.604000	0.100000	0.022181	0.050478	0.000000	0.033215	
29-12-1987	7.535000	0.100000	0.000000	0.065000	0.000000	1.382668	
29-12-1987	7.535000	0.100000	0.000000	0.065000	0.000000	1.382668	
29-12-1987	7.535000	0.100000	0.037375	0.040447	0.000000	1.366464	
29-12-1987	7.535000	0.100000	0.022697	0.049873	0.000000	1.373650	
29-12-1987	7.535000	0.100000	0.000000	0.065000	0.000000	1.382668	
29-12-1987	7.535000	0.100000	0.022173	0.050482	0.000000	1.373952	
30-12-1987	1.781000	0.100000	0.000000	0.065000	0.000000	6.349300	
30-12-1987	1.781000	0.100000	0.000000	0.065000	0.000000	6.349300	
30-12-1987	1.781000	0.100000	0.037355	0.040452	0.000000	6.284418	
30-12-1987	1.781000	0.100000	0.022667	0.049882	0.000000	6.312280	
30-12-1987	1.781000	0.100000	0.000000	0.065000	0.000000	6.349300	
30-12-1987	1.781000	0.100000	0.022165	0.050485	0.000000	6.313619	
31-12-1987	0.685000	0.100000	0.000000	0.065000	0.000000	9.996479	
31-12-1987	0.685000	0.100000	0.000000	0.065000	0.000000	9.996479	
31-12-1987	0.685000	0.100000	0.037383	0.040424	0.000000	9.951098	
31-12-1987	0.685000	0.100000	0.022659	0.049874	0.000000	9.970404	
31-12-1987	0.685000	0.100000	0.000000	0.065000	0.000000	9.996479	
31-12-1987	0.685000	0.100000	0.022153	0.050491	0.000000	9.971621	
01-01-1988	1.269000	0.100000	0.000000	0.065000	0.000000	7.838297	
01-01-1988	1.269000	0.100000	0.000000	0.065000	0.000000	7.838297	
01-01-1988	1.269000	0.100000	0.037390	0.040413	0.000000	7.819623	
01-01-1988	1.269000	0.100000	0.022646	0.049874	0.000000	7.827557	
01-01-1988	1.269000	0.100000	0.000000	0.065000	0.000000	7.838297	
01-01-1988	1.269000	0.100000	0.022148	0.050493	0.000000	7.827979	
02-01-1988	15.087000	0.100000	0.000000	0.065000	0.000000	3.445413	
02-01-1988	15.087000	0.100000	0.000000	0.065000	0.000000	3.445413	
02-01-1988	15.087000	0.100000	0.037455	0.040364	0.000000	3.431967	
02-01-1988	15.087000	0.100000	0.022662	0.049854	0.000000	3.437637	
02-01-1988	15.087000	0.100000	0.000000	0.065000	0.000000	3.445413	
02-01-1988	15.087000	0.100000	0.022141	0.050497	0.000000	3.437636	
03-01-1988	13.395000	0.200000	0.000000	0.130000	0.000000	1.314053	
03-01-1988	13.395000	0.200000	0.000000	0.130000	0.000000	1.314053	
03-01-1988	13.395000	0.200000	0.074961	0.080677	0.000000	1.300915	
03-01-1988	13.395000	0.200000	0.045304	0.099696	0.000000	1.306487	
03-01-1988	13.395000	0.200000	0.000000	0.130000	0.000000	1.314053	
03-01-1988	13.395000	0.200000	0.044258	0.101005	0.000000	1.306486	
04-01-1988	10.998000	0.200000	0.000000	0.130000	0.000000	3.393226	
04-01-1988	10.998000	0.200000	0.000000	0.130000	0.000000	3.393226	
04-01-1988	10.998000	0.200000	0.075341	0.080420	0.000000	3.380716	
04-01-1988	10.998000	0.200000	0.045475	0.099570	0.000000	3.386049	
04-01-1988	10.998000	0.200000	0.000000	0.130000	0.000000	3.393226	
04-01-1988	10.998000	0.200000	0.044246	0.101011	0.000000	3.386058	
05-01-1988	0.282000	0.200000	0.000000	0.130000	0.000000	10.489741	
05-01-1988	0.282000	0.200000	0.000000	0.130000	0.000000	10.489741	
05-01-1988	0.282000	0.200000	0.075778	0.080129	0.000000	10.475672	
05-01-1988	0.282000	0.200000	0.045674	0.099429	0.000000	10.481734	
05-01-1988	0.282000	0.200000	0.000000	0.130000	0.000000	10.489741	
05-01-1988	0.282000	0.200000	0.044242	0.101013	0.000000	10.481818	
06-01-1988	0.000000	0.100000	0.000000	0.065000	0.000000	12.884242	
06-01-1988	0.000000	0.100000	0.000000	0.065000	0.000000	12.884242	
06-01-1988	0.000000	0.100000	0.038139	0.039901	0.000000	12.861648	
06-01-1988	0.000000	0.100000	0.022941	0.049643	0.000000	12.871317	
06-01-1988	0.000000	0.100000	0.000000	0.065000	0.000000	12.884242	
06-01-1988	0.000000	0.100000	0.022121	0.050506	0.000000	12.871491	
07-01-1988	18.048000	0.100000	0.000000	0.064885	0.000000	9.825781	
07-01-1988	18.048000	0.100000	0.000000	0.064885	0.000000	9.825781	
07-01-1988	18.048000	0.100000	0.038143	0.039851	0.000000	9.797704	
07-01-1988	18.048000	0.100000	0.022928	0.049579	0.000000	9.809799	
07-01-1988	18.048000	0.100000	0.000000	0.064885	0.000000	9.825781	
07-01-1988	18.048000	0.100000	0.022121	0.050438	0.000000	9.810437	
08-01-1988	0.282000	0.300000	0.000000	0.195000	0.000000	3.506128	
08-01-1988	0.282000	0.300000	0.000000	0.195000	0.000000	3.506128	
08-01-1988	0.282000	0.300000	0.114624	0.119539	0.000000	3.481435	
08-01-1988	0.282000	0.300000	0.068839	0.148879	0.000000	3.492136	
08-01-1988	0.282000	0.300000	0.000000	0.195000	0.000000	3.506128	
08-01-1988	0.282000	0.300000	0.066357	0.151522	0.000000	3.492941	
09-01-1988	0.000000	0.200000	0.000000	0.130000	0.000000	3.323711	
09-01-1988	0.000000	0.200000	0.000000	0.130000	0.000000	3.323711	
09-01-1988	0.000000	0.200000	0.076817	0.079433	0.000000	3.311711	
09-01-1988	0.000000	0.200000	0.046044	0.099152	0.000000	3.317036	
09-01-1988	0.000000	0.200000	0.000000	0.130000	0.000000	3.323711	
09-01-1988	0.000000	0.200000	0.044238	0.101015	0.000000	3.317454	
10-01-1988	0.000000	0.200000	0.000000	0.129521	0.000000	9.437225	
10-01-1988	0.000000	0.200000	0.000000	0.129521	0.000000	9.437225	
10-01-1988	0.000000	0.200000	0.077025	0.079120	0.000000	9.415386	
10-01-1988	0.000000	0.200000	0.046119	0.098823	0.000000	9.425120	
10-01-1988	0.000000	0.200000	0.000000	0.129521	0.000000	9.437225	
10-01-1988	0.000000	0.200000	0.044238	0.100726	0.000000	9.425689	
11-01-1988	16.920000	0.100000	0.000000	0.064507	0.000000	4.933768	
11-01-1988	16.920000	0.100000	0.000000	0.064507	0.000000	4.933768	
11-01-1988	16.920000	0.100000	0.038630	0.039386	0.000000	4.902905	
11-01-1988	16.920000	0.100000	0.023104	0.049229	0.000000	4.916227	
11-01-1988	16.920000	0.100000	0.000000	0.064507	0.000000	4.933768	
11-01-1988	16.920000	0.100000	0.022118	0.050210	0.000000	4.916667	
12-01-1988	11.562000	0.200000	0.000000	0.130000	0.000000	0.738634	
12-01-1988	11.562000	0.200000	0.000000	0.130000	0.000000	0.738634	
12-01-1988	11.562000	0.200000	0.077358	0.079065	0.000000	0.726344	
12-01-1988	11.562000	0.200000	0.046228	0.099006	0.000000	0.731589	
12-01-1988	11.562000	0.200000	0.000000	0.130000	0.000000	0.738634	
12-01-1988	11.562000	0.200000	0.044233	0.101017	0.000000	0.731702	
