01-08-2000	0.000000	2.600000	0.000000	1.690000	0.000000	0.000000	
02-08-2000	19.910000	0.900000	0.000000	0.556805	0.000000	0.000000	
03-08-2000	7.700000	2.800000	0.000000	1.820000	0.000000	0.000000	
04-08-2000	0.220000	1.700000	0.000000	1.105000	0.000000	0.000245	
05-08-2000	0.000000	3.200000	0.000000	2.042379	0.000000	0.027015	
06-08-2000	0.000000	2.000000	0.000000	1.200828	0.000000	0.485005	
07-08-2000	1.100000	4.200000	0.000000	2.428537	0.000000	2.589623	
08-08-2000	0.000000	3.900000	0.000000	2.161304	0.000000	5.805369	
09-08-2000	0.440000	2.900000	0.000000	1.491626	0.000000	6.757724	
10-08-2000	0.000000	2.600000	0.000000	1.287736	0.000000	4.669943	
11-08-2000	0.000000	3.700000	0.000000	1.745258	0.000000	2.093135	
12-08-2000	3.080000	1.300000	0.000000	0.571771	0.000000	0.648918	
13-08-2000	0.440000	3.000000	0.000000	1.462732	0.000000	0.146436	
14-08-2000	0.110000	3.800000	0.000000	1.782214	0.000000	0.025092	
15-08-2000	0.000000	4.500000	0.000000	1.972762	0.000000	0.003382	
16-08-2000	0.000000	4.200000	0.000000	1.689948	0.000000	0.000369	
17-08-2000	0.000000	3.300000	0.000000	1.226721	0.000000	0.000033	
18-08-2000	0.000000	4.200000	0.000000	1.468680	0.000000	0.000003	
19-08-2000	0.000000	3.700000	0.000000	1.196946	0.000000	0.000000	
20-08-2000	0.000000	4.200000	0.000000	1.270175	0.000000	0.000000	
21-08-2000	0.000000	4.100000	0.000000	1.149406	0.000000	0.000000	
22-08-2000	0.000000	3.700000	0.000000	0.964584	0.000000	0.000000	
23-08-2000	0.000000	3.700000	0.000000	0.904682	0.000000	0.000000	
24-08-2000	0.000000	3.700000	0.000000	0.849435	0.000000	0.000000	
25-08-2000	0.000000	2.100000	0.000000	0.453169	0.000000	0.000000	
26-08-2000	0.000000	2.100000	0.000000	0.437992	0.000000	0.000000	
27-08-2000	4.730000	3.100000	0.000000	0.625107	0.000000	0.000000	
28-08-2000	0.000000	3.300000	0.000000	0.927771	0.000000	0.000000	
29-08-2000	0.000000	3.800000	0.000000	1.004290	0.000000	0.000000	
30-08-2000	0.000000	2.400000	0.000000	0.590745	0.000000	0.000000	
31-08-2000	0.110000	2.000000	0.000000	0.471116	0.000000	0.000000	
01-09-2000	0.000000	3.300000	0.000000	0.756504	0.000000	0.000000	
02-09-2000	0.000000	3.300000	0.000000	0.712211	0.000000	0.000000	
03-09-2000	0.000000	3.300000	0.000000	0.670975	0.000000	0.000000	
04-09-2000	0.000000	3.000000	0.000000	0.575155	0.000000	0.000000	
05-09-2000	0.000000	3.000000	0.000000	0.545829	0.000000	0.000000	
06-09-2000	0.000000	2.900000	0.000000	0.501259	0.000000	0.000000	
07-09-2000	0.000000	3.200000	0.000000	0.527016	0.000000	0.000000	
08-09-2000	0.000000	2.800000	0.000000	0.437763	0.000000	0.000000	
09-09-2000	0.000000	2.900000	0.000000	0.433941	0.000000	0.000000	
10-09-2000	0.000000	2.800000	0.000000	0.400893	0.000000	0.000000	
11-09-2000	0.000000	2.800000	0.000000	0.384663	0.000000	0.000000	
12-09-2000	0.000000	3.200000	0.000000	0.422260	0.000000	0.000000	
13-09-2000	0.000000	3.100000	0.000000	0.391012	0.000000	0.000000	
14-09-2000	0.111000	2.600000	0.000000	0.314237	0.000000	0.000000	
15-09-2000	0.111000	2.800000	0.000000	0.332638	0.000000	0.000000	
16-09-2000	0.000000	1.300000	0.000000	0.151166	0.000000	0.000000	
17-09-2000	0.000000	1.800000	0.000000	0.205459	0.000000	0.000000	
18-09-2000	0.111000	2.600000	0.000000	0.289347	0.000000	0.000000	
19-09-2000	0.000000	2.500000	0.000000	0.273634	0.000000	0.000000	
20-09-2000	0.000000	2.000000	0.000000	0.211270	0.000000	0.000000	
21-09-2000	5.217000	1.300000	0.000000	0.133633	0.000000	0.000000	
22-09-2000	10.212000	0.400000	0.000000	0.079806	0.000000	0.000000	
23-09-2000	17.094000	2.100000	0.000000	0.820705	0.000000	0.000000	
24-09-2000	0.000000	1.700000	0.000000	1.105000	0.000000	0.000000	
25-09-2000	0.000000	1.400000	0.000000	0.892066	0.000000	0.000000	
26-09-2000	1.443000	0.700000	0.000000	0.434464	0.000000	0.000000	
27-09-2000	3.441000	2.100000	0.000000	1.343701	0.000000	0.000000	
28-09-2000	0.000000	1.200000	0.000000	0.780000	0.000000	0.000000	
29-09-2000	0.000000	0.700000	0.000000	0.446620	0.000000	0.000000	
30-09-2000	0.000000	1.900000	0.000000	1.196537	0.000000	0.000008	
01-10-2000	0.000000	1.800000	0.000000	1.093685	0.000000	0.000941	
02-10-2000	0.000000	1.900000	0.000000	1.116026	0.000000	0.014102	
03-10-2000	0.000000	1.500000	0.000000	0.850166	0.000000	0.056873	
04-10-2000	3.192000	1.800000	0.000000	0.991991	0.000000	0.090374	
05-10-2000	0.000000	0.900000	0.000000	0.533786	0.000000	0.071408	
06-10-2000	26.790000	1.700000	0.000000	0.991471	0.000000	0.032777	
07-10-2000	0.000000	1.600000	0.000000	1.040000	0.000000	0.009751	
08-10-2000	0.000000	0.700000	0.000000	0.448082	0.000000	0.002254	
09-10-2000	0.000000	0.800000	0.000000	0.505313	0.000000	0.027891	
10-10-2000	0.570000	1.600000	0.000000	0.995658	0.000000	0.529393	
11-10-2000	0.114000	1.600000	0.000000	0.983394	0.000000	2.852530	
12-10-2000	4.104000	0.900000	0.000000	0.538722	0.000000	6.081406	
13-10-2000	0.000000	0.200000	0.000000	0.130000	0.000000	6.376910	
14-10-2000	5.814000	0.200000	0.000000	0.129698	0.000000	3.820423	
15-10-2000	0.684000	1.100000	0.000000	0.715000	0.000000	1.457427	
16-10-2000	0.228000	0.200000	0.000000	0.130000	0.000000	0.395643	
17-10-2000	22.002000	0.400000	0.000000	0.260000	0.000000	0.164472	
18-10-2000	8.550000	0.600000	0.000000	0.390000	0.000000	0.367506	
19-10-2000	0.456000	0.900000	0.000000	0.585000	0.000000	1.016322	
20-10-2000	0.114000	1.200000	0.000000	0.780000	0.000000	1.769204	
21-10-2000	0.000000	0.200000	0.000000	0.127607	0.000000	2.277429	
22-10-2000	3.648000	0.100000	0.000000	0.063567	0.000000	4.207951	
23-10-2000	4.218000	0.500000	0.000000	0.325000	0.000000	7.694597	
24-10-2000	3.876000	0.900000	0.000000	0.585000	0.000000	8.745073	
25-10-2000	0.000000	0.300000	0.000000	0.195000	0.000000	6.097524	
26-10-2000	10.830000	0.700000	0.000000	0.453526	0.000000	2.857409	
27-10-2000	2.052000	0.100000	0.000000	0.065000	0.000000	1.379697	
28-10-2000	20.178000	1.000000	0.000000	0.650000	0.000000	1.639552	
29-10-2000	0.000000	0.800000	0.000000	0.520000	0.000000	2.439047	
30-10-2000	0.000000	0.900000	0.000000	0.580890	0.000000	2.834501	
31-10-2000	0.000000	0.400000	0.000000	0.253863	0.000000	3.311099	
01-11-2000	0.000000	0.300000	0.000000	0.188987	0.000000	4.582825	
02-11-2000	6.396000	0.800000	0.000000	0.501166	0.000000	6.509205	
03-11-2000	0.000000	0.300000	0.000000	0.195000	0.000000	7.884903	
04-11-2000	0.246000	0.600000	0.000000	0.388813	0.000000	6.597754	
05-11-2000	0.000000	0.800000	0.000000	0.516367	0.000000	3.581024	
06-11-2000	0.000000	0.700000	0.000000	0.445122	0.000000	1.417070	
07-11-2000	0.000000	0.100000	0.000000	0.062764	0.000000	0.963907	
08-11-2000	1.476000	0.600000	0.000000	0.375888	0.000000	1.363246	
09-11-2000	26.076000	0.200000	0.000000	0.129476	0.000000	1.332528	
10-11-2000	7.872000	0.500000	0.000000	0.325000	0.000000	0.774347	
11-11-2000	0.246000	0.200000	0.000000	0.130000	0.000000	0.289009	
12-11-2000	0.123000	0.100000	0.000000	0.065000	0.000000	0.111282	
13-11-2000	2.829000	0.100000	0.000000	0.065000	0.000000	0.690152	
14-11-2000	7.872000	0.300000	0.000000	0.195000	0.000000	3.674521	
15-11-2000	4.305000	0.200000	0.000000	0.130000	0.000000	8.313897	
16-11-2000	0.000000	0.200000	0.000000	0.130000	0.000000	9.721890	
17-11-2000	20.418000	0.100000	0.000000	0.064874	0.000000	6.838575	
18-11-2000	7.626000	0.100000	0.000000	0.065000	0.000000	3.681978	
19-11-2000	0.738000	0.600000	0.000000	0.390000	0.000000	2.974007	
20-11-2000	0.000000	0.200000	0.000000	0.130000	0.000000	3.847212	
21-11-2000	0.000000	0.200000	0.000000	0.129607	0.000000	4.484548	
22-11-2000	0.000000	0.200000	0.000000	0.129127	0.000000	5.702317	
23-11-2000	5.043000	0.000000	0.000000	0.000000	0.000000	8.067770	
24-11-2000	5.658000	0.100000	0.000000	0.065000	0.000000	8.492421	
25-11-2000	0.123000	0.100000	0.000000	0.065000	0.000000	5.852658	
26-11-2000	0.000000	0.100000	0.000000	0.065000	0.000000	2.720220	
27-11-2000	0.123000	0.200000	0.000000	0.129792	0.000000	1.028708	
28-11-2000	0.000000	0.000000	0.000000	0.000000	0.000000	1.031537	
29-11-2000	0.123000	0.000000	0.000000	0.000000	0.000000	2.167568	
30-11-2000	7.011000	0.000000	0.000000	0.000000	0.000000	2.967239	
01-12-2000	2.466000	0.100000	0.000000	0.065000	0.000000	2.428483	
02-12-2000	0.000000	0.100000	0.000000	0.065000	0.000000	1.261783	
03-12-2000	0.274000	0.000000	0.000000	0.000000	0.000000	0.456082	
04-12-2000	0.685000	0.000000	0.000000	0.000000	0.000000	0.321552	
05-12-2000	0.137000	0.000000	0.000000	0.000000	0.000000	1.096880	
06-12-2000	0.685000	0.000000	0.000000	0.000000	0.000000	2.363862	
07-12-2000	0.000000	0.200000	0.000000	0.130000	0.000000	2.728324	
08-12-2000	0.000000	0.100000	0.000000	0.064809	0.000000	1.930827	
09-12-2000	0.000000	0.000000	0.000000	0.000000	0.000000	1.017199	
10-12-2000	0.000000	0.300000	0.000000	0.110815	0.000000	0.569873	
11-12-2000	0.000000	0.300000	0.000000	0.085399	0.000000	0.434526	
12-12-2000	0.000000	0.300000	0.000000	0.072273	0.000000	0.371992	
13-12-2000	0.000000	0.100000	0.000000	0.012215	0.000000	0.261295	
14-12-2000	0.000000	0.200000	0.000000	0.013440	0.000000	0.129080	
15-12-2000	0.000000	0.000000	0.000000	0.000000	0.000000	0.044111	
16-12-2000	0.000000	0.100000	0.000000	0.012132	0.000000	0.010783	
17-12-2000	0.000000	0.100000	0.000000	0.024062	0.000000	0.001967	
18-12-2000	0.411000	0.100000	0.000000	0.031335	0.000000	0.000278	
19-12-2000	0.000000	0.100000	0.000000	0.048327	0.000000	0.000032	
20-12-2000	0.000000	0.100000	0.000000	0.062663	0.000000	0.000003	
21-12-2000	0.411000	0.100000	0.000000	0.064689	0.000000	0.000000	
22-12-2000	0.000000	0.100000	0.000000	0.048336	0.000000	0.000000	
23-12-2000	0.000000	0.300000	0.000000	0.118261	0.000000	0.000000	
24-12-2000	0.000000	0.100000	0.000000	0.028036	0.000000	0.000033	
25-12-2000	0.137000	0.100000	0.032000	0.013489	0.000000	0.001207	
26-12-2000	0.137000	0.000000	0.000000	0.000000	0.000000	0.009391	
27-12-2000	4.384000	0.100000	0.000000	0.048770	0.000000	0.024902	
28-12-2000	12.193000	0.000000	0.000000	0.000000	0.000000	0.029666	
29-12-2000	4.932000	0.100000	0.000000	0.054427	0.000000	0.019117	
30-12-2000	1.370000	0.200000	0.200000	0.000000	0.000000	0.015067	
31-12-2000	0.137000	0.300000	0.300000	0.000000	0.000000	0.147395	
01-01-2001	0.000000	0.100000	0.000000	0.030936	0.000000	0.976098	
02-01-2001	12.690000	0.100000	0.000000	0.006385	0.000000	3.111982	
03-01-2001	3.243000	0.100000	0.000000	0.057171	0.000000	5.388097	
04-01-2001	31.584000	0.100000	0.000000	0.049522	0.000000	5.547511	
05-01-2001	0.141000	0.200000	0.000000	0.122442	0.000000	3.813964	
06-01-2001	9.165000	0.100000	0.000000	0.016378	0.000000	2.354747	
07-01-2001	0.282000	0.100000	0.000000	0.058669	0.000000	2.836410	
08-01-2001	0.141000	0.100000	0.000000	0.048836	0.000000	5.226898	
09-01-2001	0.423000	0.200000	0.000000	0.102001	0.000000	8.838872	
10-01-2001	0.000000	0.400000	0.000000	0.195346	0.000000	12.138115	
11-01-2001	0.000000	0.500000	0.000000	0.244455	0.000000	11.940774	
12-01-2001	0.000000	0.400000	0.000000	0.189398	0.000000	8.714560	
13-01-2001	0.000000	0.400000	0.000000	0.171842	0.000000	5.022153	
14-01-2001	0.000000	0.100000	0.000000	0.056826	0.000000	2.289254	
15-01-2001	0.000000	0.100000	0.000000	0.040141	0.000000	0.850039	
16-01-2001	0.000000	0.000000	0.000000	0.000000	0.000000	0.282050	
17-01-2001	0.000000	0.300000	0.000000	0.062925	0.000000	0.086659	
18-01-2001	0.000000	0.200000	0.000000	0.039352	0.000000	0.022908	
19-01-2001	0.000000	0.100000	0.000000	0.022056	0.000000	0.004848	
20-01-2001	0.141000	0.100000	0.002550	0.026829	0.000000	0.000805	
21-01-2001	0.282000	0.200000	0.000000	0.080921	0.000000	0.000106	
22-01-2001	0.000000	0.100000	0.000000	0.044112	0.000000	0.000011	
23-01-2001	1.833000	0.100000	0.000000	0.061361	0.000000	0.000001	
24-01-2001	6.909000	0.200000	0.000000	0.098235	0.000000	0.000000	
25-01-2001	3.384000	0.200000	0.000000	0.102086	0.000000	0.000005	
26-01-2001	7.896000	0.100000	0.000000	0.051384	0.000000	0.001011	
27-01-2001	1.269000	0.500000	0.000000	0.268311	0.000000	0.032142	
28-01-2001	0.000000	0.100000	0.000000	0.049036	0.000000	0.323192	
29-01-2001	0.846000	0.200000	0.000000	0.129959	0.000000	1.353693	
30-01-2001	0.000000	0.100000	0.000000	0.065000	0.000000	2.949904	
31-01-2001	0.000000	0.200000	0.000000	0.129835	0.000000	4.242183	
01-02-2001	3.550000	0.300000	0.000000	0.194031	0.000000	4.562342	
02-02-2001	1.278000	0.500000	0.468000	0.014665	0.000000	3.580071	
03-02-2001	0.000000	0.300000	0.000000	0.000000	0.000000	2.037450	
04-02-2001	0.000000	0.600000	0.000000	0.000000	0.000000	0.945568	
05-02-2001	0.994000	0.200000	0.200000	0.000000	0.000000	0.494388	
06-02-2001	2.272000	0.100000	0.000000	0.046080	0.000000	0.609246	
07-02-2001	5.538000	0.400000	0.000000	0.197555	0.000000	0.947926	
08-02-2001	5.112000	0.300000	0.000000	0.189627	0.000000	0.866223	
09-02-2001	3.692000	0.400000	0.000000	0.199599	0.000000	0.484549	
10-02-2001	0.142000	0.500000	0.000000	0.245308	0.000000	0.410549	
11-02-2001	2.556000	0.100000	0.000000	0.048772	0.000000	0.952667	
12-02-2001	12.354000	0.100000	0.000000	0.049330	0.000000	2.069067	
13-02-2001	3.408000	1.000000	0.000000	0.580437	0.000000	3.337515	
14-02-2001	0.000000	0.500000	0.000000	0.260894	0.000000	3.993427	
15-02-2001	0.000000	1.000000	0.000000	0.647489	0.000000	3.596837	
16-02-2001	0.000000	0.200000	0.000000	0.127098	0.000000	2.914663	
17-02-2001	0.000000	0.500000	0.000000	0.316567	0.000000	3.514875	
18-02-2001	0.000000	1.000000	0.000000	0.627271	0.000000	4.940681	
19-02-2001	0.000000	0.200000	0.000000	0.123131	0.000000	4.838418	
20-02-2001	0.000000	0.600000	0.000000	0.368028	0.000000	3.042429	
21-02-2001	0.000000	1.100000	0.000000	0.667228	0.000000	1.281034	
22-02-2001	0.568000	0.700000	0.000000	0.415964	0.000000	0.380172	
23-02-2001	0.000000	0.700000	0.000000	0.196120	0.000000	0.083207	
24-02-2001	0.142000	0.500000	0.000000	0.054394	0.000000	0.013963	
25-02-2001	0.000000	0.900000	0.000000	0.044227	0.000000	0.001857	
26-02-2001	2.414000	1.100000	0.749000	0.001649	0.000000	0.000201	
27-02-2001	0.000000	0.600000	0.000000	0.135390	0.000000	0.000018	
28-02-2001	0.000000	0.500000	0.000000	0.081966	0.000000	0.000001	
01-03-2001	1.890000	0.400000	0.400000	0.000000	0.000000	0.000000	
02-03-2001	4.995000	0.600000	0.600000	0.000000	0.000000	0.000000	
03-03-2001	0.540000	1.000000	1.000000	0.000000	0.000000	0.000000	
04-03-2001	0.405000	0.800000	0.679938	0.032729	0.000000	0.000002	
05-03-2001	0.000000	1.300000	0.000000	0.147056	0.000000	0.000504	
06-03-2001	0.000000	1.400000	0.000000	0.000000	0.000000	0.015315	
07-03-2001	0.000000	1.100000	0.000000	0.059527	0.000000	0.129035	
08-03-2001	0.000000	0.400000	0.000000	0.141348	0.000000	0.445944	
09-03-2001	2.430000	0.700000	0.000000	0.337663	0.000000	0.774932	
10-03-2001	0.135000	0.400000	0.000000	0.260000	0.000000	0.800773	
11-03-2001	0.675000	0.300000	0.000000	0.194685	0.000000	0.603387	
12-03-2001	6.615000	0.400000	0.000000	0.260000	0.000000	0.376296	
13-03-2001	0.270000	1.000000	0.000000	0.650000	0.000000	0.242584	
14-03-2001	1.755000	0.800000	0.000000	0.517230	0.000000	0.338833	
15-03-2001	3.510000	1.300000	0.000000	0.845000	0.000000	0.564133	
16-03-2001	0.000000	1.500000	0.000000	0.975000	0.000000	0.758412	
17-03-2001	0.000000	1.000000	0.000000	0.635014	0.000000	1.307324	
18-03-2001	0.000000	0.700000	0.000000	0.436278	0.000000	2.045803	
19-03-2001	5.400000	0.600000	0.600000	0.000000	0.000000	2.094131	
20-03-2001	4.185000	1.500000	1.500000	0.000000	0.000000	1.712959	
21-03-2001	0.270000	1.400000	1.400000	0.000000	0.000000	1.417004	
22-03-2001	0.000000	1.300000	0.000000	0.425097	0.000000	1.002724	
23-03-2001	0.000000	1.700000	0.000000	0.554385	0.000000	0.501625	
24-03-2001	0.000000	1.100000	0.000000	0.433596	0.000000	0.204920	
25-03-2001	0.000000	1.600000	0.000000	0.618727	0.000000	0.273554	
26-03-2001	0.000000	1.400000	0.000000	0.437270	0.000000	0.702206	
27-03-2001	0.000000	1.500000	0.000000	0.417305	0.000000	1.084705	
28-03-2001	0.000000	2.000000	0.000000	0.597195	0.000000	0.984399	
29-03-2001	0.000000	0.400000	0.000000	0.234236	0.000000	0.565173	
30-03-2001	4.725000	0.600000	0.000000	0.357743	0.000000	0.218463	
31-03-2001	0.270000	1.200000	0.000000	0.780000	0.000000	0.059815	
01-04-2001	0.496000	0.900000	0.000000	0.579148	0.000000	0.012114	
02-04-2001	0.000000	1.500000	0.000000	0.963192	0.000000	0.002314	
03-04-2001	0.000000	1.500000	0.000000	0.936416	0.000000	0.014615	
04-04-2001	0.496000	2.000000	0.000000	1.213881	0.000000	0.107730	
05-04-2001	8.308000	1.500000	0.000000	0.890779	0.000000	0.282709	
06-04-2001	0.000000	0.600000	0.000000	0.390000	0.000000	0.339058	
07-04-2001	0.868000	0.800000	0.000000	0.516432	0.000000	0.221466	
08-04-2001	8.928000	1.700000	0.000000	1.105000	0.000000	0.094130	
09-04-2001	0.372000	2.400000	0.000000	1.560000	0.000000	0.125088	
10-04-2001	0.000000	0.800000	0.000000	0.507385	0.000000	0.559331	
11-04-2001	0.000000	2.800000	0.000000	1.749539	0.000000	1.206233	
12-04-2001	1.240000	1.500000	0.000000	0.888679	0.000000	1.477711	
13-04-2001	3.968000	2.500000	0.000000	1.498610	0.000000	1.852709	
14-04-2001	0.000000	2.200000	0.000000	1.422584	0.000000	2.482369	
15-04-2001	0.868000	0.500000	0.000000	0.310128	0.000000	2.257913	
16-04-2001	0.868000	0.600000	0.000000	0.378539	0.000000	1.263782	
17-04-2001	0.124000	1.500000	0.000000	0.960402	0.000000	0.459588	
18-04-2001	4.340000	0.600000	0.000000	0.374883	0.000000	0.116184	
19-04-2001	4.712000	2.400000	0.000000	1.560000	0.000000	0.021620	
20-04-2001	0.000000	1.800000	0.000000	1.170000	0.000000	0.003115	
21-04-2001	0.000000	2.600000	0.000000	1.643389	0.000000	0.002817	
22-04-2001	0.000000	3.300000	0.000000	1.985428	0.000000	0.057266	
23-04-2001	0.000000	0.600000	0.000000	0.338972	0.000000	0.386772	
24-04-2001	8.680000	2.800000	0.000000	1.564382	0.000000	1.100096	
25-04-2001	0.000000	0.800000	0.000000	0.520000	0.000000	1.592065	
26-04-2001	18.352000	1.600000	0.000000	1.028638	0.000000	1.310522	
27-04-2001	2.604000	1.900000	0.000000	1.235000	0.000000	0.669325	
28-04-2001	0.124000	1.100000	0.000000	0.715000	0.000000	0.266277	
29-04-2001	6.448000	2.100000	0.000000	1.346636	0.000000	0.325729	
30-04-2001	0.000000	1.600000	0.000000	1.040000	0.000000	1.045316	
01-05-2001	0.452000	1.900000	0.000000	1.205906	0.000000	3.021467	
02-05-2001	0.113000	3.900000	0.048382	2.391409	0.000000	5.390234	
03-05-2001	0.000000	3.700000	0.010408	2.081285	0.086590	5.550783	
04-05-2001	14.238000	1.700000	0.071570	0.876644	0.000000	3.927741	
05-05-2001	0.000000	3.500000	0.035823	2.149558	0.157362	2.586972	
06-05-2001	0.000000	4.200000	0.000000	2.422875	0.276081	1.646084	
07-05-2001	0.000000	3.700000	0.000000	1.944160	0.289140	0.820570	
08-05-2001	0.000000	4.400000	0.000000	2.128878	0.395282	0.446487	
09-05-2001	0.000000	4.600000	0.000000	2.010490	0.491022	0.960225	
10-05-2001	0.000000	4.200000	0.000000	1.654961	0.514525	1.890598	
11-05-2001	0.000000	4.700000	0.000000	1.681817	0.654297	1.924947	
12-05-2001	0.000000	4.800000	0.000000	1.547016	0.746720	1.113936	
13-05-2001	0.000000	4.600000	0.000000	1.333512	0.791388	0.407273	
14-05-2001	0.226000	4.600000	0.226000	1.204816	0.641383	0.102121	
15-05-2001	0.000000	1.600000	0.000000	0.380774	0.326220	0.018702	
16-05-2001	1.695000	2.700000	0.587900	0.614657	0.000000	0.002626	
17-05-2001	0.678000	3.200000	0.742476	0.731230	0.000000	0.000294	
18-05-2001	3.503000	1.900000	0.512801	0.394719	0.000000	0.000027	
19-05-2001	1.130000	3.700000	1.117788	0.857228	0.000000	0.000002	
20-05-2001	0.000000	3.100000	0.272559	0.651551	0.766999	0.000000	
21-05-2001	0.000000	3.900000	0.000000	0.736158	1.457629	0.000000	
22-05-2001	0.000000	4.700000	0.000000	0.774725	1.962022	0.000000	
23-05-2001	0.000000	4.900000	0.000000	0.697069	2.245004	0.000000	
24-05-2001	0.000000	4.400000	0.000000	0.523959	2.246050	0.000000	
25-05-2001	0.226000	4.800000	0.226000	0.494632	2.397568	0.000000	
26-05-2001	0.000000	3.700000	0.000000	0.327244	2.152171	0.000000	
27-05-2001	0.000000	3.600000	0.000000	0.273340	2.235288	0.000000	
28-05-2001	2.260000	4.300000	2.260000	0.280584	0.590892	0.000000	
29-05-2001	2.147000	4.300000	2.147000	0.246368	0.848442	0.000000	
30-05-2001	3.955000	4.300000	3.174391	0.211716	0.000000	0.000000	
31-05-2001	0.452000	4.200000	1.232609	0.180728	1.985371	0.000000	
01-06-2001	2.331000	4.200000	2.331000	0.152506	1.042808	0.000000	
02-06-2001	2.664000	4.100000	2.664000	0.128855	0.749859	0.000000	
03-06-2001	10.989000	4.100000	3.530218	0.112506	0.000000	0.000000	
04-06-2001	5.439000	4.200000	3.704054	0.182112	0.000000	0.000000	
05-06-2001	0.777000	4.200000	2.279059	0.182901	1.481968	0.000000	
06-06-2001	0.000000	4.200000	0.000000	0.159788	3.802968	0.000000	
07-06-2001	1.554000	4.200000	1.554000	0.133054	2.353056	0.000000	
08-06-2001	2.109000	4.000000	2.109000	0.104218	1.713394	0.000000	
09-06-2001	1.110000	4.000000	1.110000	0.089112	2.767236	0.000000	
10-06-2001	1.443000	2.100000	1.443000	0.039470	0.635002	0.000000	
11-06-2001	2.109000	3.200000	2.109000	0.053594	1.094802	0.000000	
12-06-2001	0.999000	4.200000	0.999000	0.063792	3.222715	0.000000	
13-06-2001	1.110000	3.300000	1.110000	0.044390	2.231617	0.000000	
14-06-2001	1.665000	4.300000	1.665000	0.051067	2.725797	0.000000	
15-06-2001	0.444000	4.500000	0.444000	0.047457	4.163292	0.000000	
16-06-2001	1.110000	2.000000	1.110000	0.018049	0.956147	0.000000	
17-06-2001	1.110000	4.900000	1.110000	0.040784	3.959736	0.000000	
18-06-2001	1.776000	5.100000	1.776000	0.036233	3.525267	0.000000	
19-06-2001	1.221000	4.400000	1.221000	0.027463	3.352384	0.000000	
20-06-2001	1.443000	3.500000	1.443000	0.019023	2.207276	0.000000	
21-06-2001	0.333000	3.500000	0.333000	0.017258	3.312908	0.000000	
22-06-2001	1.221000	2.200000	1.221000	0.010180	1.072883	0.000000	
23-06-2001	1.776000	5.000000	1.776000	0.023183	3.406441	0.000000	
24-06-2001	2.664000	3.400000	2.664000	0.014808	0.863172	0.000000	
25-06-2001	0.888000	4.300000	0.888000	0.019014	3.515467	0.000000	
26-06-2001	1.110000	5.100000	1.110000	0.021011	4.087165	0.000000	
27-06-2001	0.888000	5.200000	0.888000	0.019474	4.373178	0.000000	
28-06-2001	1.443000	2.900000	1.443000	0.009556	1.491697	0.000000	
29-06-2001	0.000000	5.000000	0.000000	0.016370	4.514306	0.000000	
30-06-2001	0.000000	3.500000	0.000000	0.009929	3.445833	0.000000	
01-07-2001	4.950000	3.900000	3.915583	0.009799	0.000000	0.000000	
02-07-2001	0.770000	3.600000	1.804417	0.009500	1.729551	0.000000	
03-07-2001	1.540000	5.200000	1.540000	0.012958	2.330211	0.000000	
04-07-2001	1.320000	5.600000	1.320000	0.012577	1.972125	0.000000	
05-07-2001	0.110000	5.600000	0.110000	0.011416	1.708459	0.000000	
06-07-2001	0.000000	5.500000	0.000000	0.010445	1.502626	0.000000	
07-07-2001	0.000000	4.800000	0.000000	0.008589	1.338222	0.000000	
08-07-2001	0.000000	4.200000	0.000000	0.007210	1.203092	0.000000	
09-07-2001	0.330000	1.500000	0.330000	0.002497	0.942368	0.000000	
10-07-2001	0.000000	3.900000	0.000000	0.006102	1.008663	0.000000	
11-07-2001	15.180000	3.200000	2.804049	0.004702	0.000000	0.000000	
12-07-2001	14.080000	3.800000	3.281283	0.134400	0.000000	0.000000	
13-07-2001	4.620000	2.900000	2.470262	0.208635	0.000000	0.000000	
14-07-2001	0.000000	3.800000	1.462055	0.310575	1.492746	0.000000	
15-07-2001	0.330000	3.000000	0.330000	0.237882	1.831537	0.000000	
16-07-2001	0.000000	1.300000	0.000000	0.098836	0.883239	0.000000	
17-07-2001	0.660000	3.100000	0.660000	0.231457	1.512947	0.000000	
18-07-2001	0.000000	4.400000	0.000000	0.311913	2.835118	0.000000	
19-07-2001	0.000000	4.800000	0.000000	0.293741	2.986783	0.000000	
20-07-2001	0.330000	4.700000	0.330000	0.238372	2.524017	0.000000	
21-07-2001	0.000000	3.700000	0.000000	0.152210	2.089623	0.000000	
22-07-2001	0.000000	3.700000	0.000000	0.124076	1.973088	0.000000	
23-07-2001	0.000000	4.500000	0.000000	0.121732	2.096443	0.000000	
24-07-2001	0.000000	4.100000	0.000000	0.083974	1.372940	0.000000	
25-07-2001	0.000000	4.500000	0.000000	0.077658	1.092276	0.000000	
26-07-2001	0.000000	5.100000	0.000000	0.077501	0.921950	0.000000	
27-07-2001	0.000000	4.900000	0.000000	0.066188	0.822787	0.000000	
28-07-2001	0.000000	1.800000	0.000000	0.025250	0.000000	0.000000	
29-07-2001	1.320000	4.600000	1.320000	0.063541	0.000000	0.000000	
30-07-2001	0.110000	4.000000	0.110000	0.053091	0.000000	0.000000	
31-07-2001	0.000000	1.900000	0.000000	0.024361	0.000000	0.000000	
01-08-2001	0.330000	3.500000	0.330000	0.044152	0.000000	0.000000	
02-08-2001	0.000000	4.200000	0.000000	0.051408	0.000000	0.000000	
03-08-2001	1.870000	2.200000	0.669115	0.025969	0.000000	0.000000	
04-08-2001	1.540000	2.600000	0.790773	0.042321	0.000000	0.000000	
05-08-2001	8.580000	2.700000	0.821187	0.060368	0.000000	0.000000	
06-08-2001	1.430000	3.400000	1.034087	0.301111	0.000000	0.000000	
07-08-2001	19.360000	3.200000	0.973259	0.286014	0.000000	0.000000	
08-08-2001	9.020000	2.200000	0.669115	0.539077	0.000000	0.000000	
09-08-2001	5.830000	3.300000	1.003673	0.977251	0.000000	0.000000	
10-08-2001	0.000000	1.600000	0.486629	0.473819	0.000000	0.000000	
11-08-2001	2.420000	3.000000	0.912430	0.879532	0.000000	0.000000	
12-08-2001	7.260000	0.400000	0.121657	0.117782	0.000000	0.000000	
13-08-2001	8.910000	1.400000	0.425801	0.414591	0.000000	0.000000	
14-08-2001	0.000000	2.600000	0.655126	0.769956	0.000000	0.000000	
15-08-2001	0.000000	4.100000	0.000000	1.195558	0.000000	0.000000	
16-08-2001	0.000000	3.500000	0.000000	2.162513	0.000000	0.000000	
17-08-2001	0.000000	4.100000	0.000000	2.368936	0.000000	0.000000	
18-08-2001	0.000000	3.700000	0.000000	1.975828	0.000000	0.000000	
19-08-2001	0.110000	0.800000	0.000000	0.398101	0.000000	0.000000	
20-08-2001	26.840000	2.900000	0.000000	1.427966	0.000000	0.000000	
21-08-2001	0.000000	2.500000	0.000000	1.625000	0.000000	0.000000	
22-08-2001	0.110000	3.900000	0.000000	2.461565	0.000000	0.000000	
23-08-2001	0.000000	1.800000	0.000000	1.057827	0.000000	0.000000	
24-08-2001	51.810000	0.900000	0.000000	0.511338	0.000000	0.000000	
25-08-2001	0.000000	3.000000	0.000000	1.950000	0.000000	0.000000	
26-08-2001	0.000000	2.900000	0.000000	1.860416	0.000000	0.000000	
27-08-2001	14.080000	2.900000	0.000000	1.757689	0.000000	0.000000	
28-08-2001	0.000000	2.000000	0.000000	1.300000	0.000000	0.000000	
29-08-2001	2.970000	2.700000	0.000000	1.707500	0.000000	0.000000	
30-08-2001	0.000000	2.900000	0.000000	1.885000	0.000000	0.000000	
31-08-2001	0.000000	1.100000	0.000000	0.678607	0.000000	0.000000	
01-09-2001	0.111000	2.200000	0.000000	1.329594	0.000000	0.000000	
02-09-2001	0.333000	0.900000	0.000000	0.523691	0.000000	0.000000	
03-09-2001	2.997000	1.900000	0.000000	1.099149	0.000000	0.000000	
04-09-2001	8.214000	2.600000	0.000000	1.598435	0.000000	0.000000	
05-09-2001	0.000000	2.400000	0.000000	1.560000	0.000000	0.000000	
06-09-2001	0.111000	1.000000	0.000000	0.626765	0.000000	0.000000	
07-09-2001	2.442000	2.100000	0.000000	1.296246	0.000000	0.000000	
08-09-2001	11.100000	2.400000	0.000000	1.534497	0.000000	0.000000	
09-09-2001	8.769000	0.600000	0.000000	0.390000	0.000000	0.000000	
10-09-2001	19.536000	1.100000	0.000000	0.715000	0.000000	0.000000	
11-09-2001	3.552000	2.300000	0.000000	1.495000	0.000000	0.000228	
12-09-2001	2.331000	2.300000	0.000000	1.495000	0.000000	0.088627	
13-09-2001	2.886000	0.900000	0.000000	0.585000	0.000000	1.177926	
14-09-2001	3.330000	2.400000	0.000000	1.560000	0.000000	4.078870	
15-09-2001	0.111000	0.800000	0.000000	0.520000	0.000000	7.639766	
16-09-2001	1.221000	1.700000	0.000000	1.095352	0.000000	9.614333	
17-09-2001	5.883000	1.500000	0.000000	0.970610	0.000000	8.220418	
18-09-2001	0.999000	0.400000	0.000000	0.260000	0.000000	5.113642	
19-09-2001	16.539000	2.100000	0.000000	1.365000	0.000000	2.890109	
20-09-2001	0.000000	1.400000	0.000000	0.910000	0.000000	1.802799	
21-09-2001	3.441000	1.300000	0.000000	0.832365	0.000000	1.177989	
22-09-2001	1.776000	1.300000	0.000000	0.845000	0.000000	1.163525	
23-09-2001	18.537000	1.300000	0.000000	0.845000	0.000000	2.016585	
24-09-2001	0.333000	0.500000	0.000000	0.325000	0.000000	3.735168	
25-09-2001	0.444000	0.600000	0.000000	0.390000	0.000000	5.353903	
26-09-2001	0.111000	1.300000	0.000000	0.845000	0.000000	5.059131	
27-09-2001	4.662000	1.000000	0.000000	0.636779	0.000000	3.814527	
28-09-2001	0.000000	0.900000	0.000000	0.585000	0.000000	4.285197	
29-09-2001	1.443000	0.300000	0.000000	0.192493	0.000000	5.912743	
30-09-2001	1.665000	0.200000	0.000000	0.130000	0.000000	5.492064	
01-10-2001	11.286000	0.900000	0.000000	0.585000	0.000000	3.230747	
02-10-2001	8.778000	0.700000	0.000000	0.455000	0.000000	1.629877	
03-10-2001	3.648000	1.100000	0.000000	0.715000	0.000000	1.251425	
04-10-2001	0.228000	1.200000	0.000000	0.780000	0.000000	1.159175	
05-10-2001	1.596000	1.100000	0.000000	0.706846	0.000000	1.306336	
06-10-2001	0.000000	1.900000	0.000000	1.235000	0.000000	2.618552	
07-10-2001	0.000000	0.500000	0.000000	0.314317	0.000000	4.940881	
08-10-2001	0.000000	0.900000	0.000000	0.560534	0.000000	6.197027	
09-10-2001	0.684000	1.000000	0.000000	0.612441	0.000000	5.155369	
10-10-2001	0.684000	1.100000	0.000000	0.675427	0.000000	2.986505	
11-10-2001	2.736000	1.500000	0.000000	0.921656	0.000000	1.295046	
12-10-2001	0.000000	0.400000	0.000000	0.259608	0.000000	0.461588	
13-10-2001	0.114000	1.400000	0.000000	0.901890	0.000000	0.142120	
14-10-2001	0.114000	0.900000	0.000000	0.566679	0.000000	0.036763	
15-10-2001	0.228000	0.900000	0.000000	0.559170	0.000000	0.007645	
16-10-2001	0.000000	1.000000	0.000000	0.615253	0.000000	0.001258	
17-10-2001	0.000000	1.100000	0.000000	0.664253	0.000000	0.000165	
18-10-2001	0.000000	0.600000	0.000000	0.354949	0.000000	0.000018	
19-10-2001	0.000000	1.000000	0.000000	0.585023	0.000000	0.000002	
20-10-2001	0.000000	0.900000	0.000000	0.516796	0.000000	0.000000	
21-10-2001	0.000000	0.400000	0.000000	0.225872	0.000000	0.000000	
22-10-2001	0.114000	0.900000	0.000000	0.504464	0.000000	0.000000	
23-10-2001	0.570000	0.300000	0.000000	0.166010	0.000000	0.000000	
24-10-2001	0.114000	0.900000	0.000000	0.504961	0.000000	0.000000	
25-10-2001	0.228000	0.200000	0.000000	0.110781	0.000000	0.000000	
26-10-2001	0.000000	0.400000	0.000000	0.222467	0.000000	0.000000	
27-10-2001	1.368000	0.300000	0.000000	0.165619	0.000000	0.000000	
28-10-2001	5.700000	0.900000	0.000000	0.517349	0.000000	0.000000	
29-10-2001	3.192000	0.400000	0.000000	0.260000	0.000000	0.000000	
30-10-2001	0.684000	0.400000	0.000000	0.260000	0.000000	0.000001	
31-10-2001	0.114000	0.600000	0.000000	0.390000	0.000000	0.000335	
01-11-2001	0.861000	0.600000	0.000000	0.387408	0.000000	0.015404	
02-11-2001	0.000000	0.300000	0.000000	0.195000	0.000000	0.168620	
03-11-2001	0.123000	0.400000	0.000000	0.258769	0.000000	0.664557	
04-11-2001	0.246000	0.400000	0.000000	0.257780	0.000000	1.202486	
05-11-2001	0.000000	0.400000	0.000000	0.257726	0.000000	1.182565	
06-11-2001	0.000000	0.400000	0.000000	0.255815	0.000000	0.730110	
07-11-2001	3.075000	0.400000	0.000000	0.253919	0.000000	0.338241	
08-11-2001	3.321000	0.400000	0.000000	0.260000	0.000000	0.141261	
09-11-2001	1.722000	0.600000	0.000000	0.390000	0.000000	0.053762	
10-11-2001	0.246000	0.500000	0.000000	0.325000	0.000000	0.019262	
11-11-2001	0.000000	0.500000	0.000000	0.324898	0.000000	0.058775	
12-11-2001	1.107000	0.100000	0.000000	0.064377	0.000000	0.353729	
13-11-2001	7.503000	0.600000	0.000000	0.390000	0.000000	1.026578	
14-11-2001	0.000000	0.600000	0.000000	0.390000	0.000000	1.640169	
15-11-2001	0.000000	0.200000	0.000000	0.129165	0.000000	1.605481	
16-11-2001	0.000000	0.500000	0.000000	0.321712	0.000000	1.052182	
17-11-2001	0.246000	0.300000	0.000000	0.191239	0.000000	0.737926	
18-11-2001	0.000000	0.200000	0.000000	0.127713	0.000000	1.330022	
19-11-2001	0.000000	0.600000	0.000000	0.381719	0.000000	2.240541	
20-11-2001	0.000000	0.600000	0.000000	0.377476	0.000000	2.138301	
21-11-2001	1.353000	0.100000	0.000000	0.062214	0.000000	1.209783	
22-11-2001	10.209000	0.300000	0.000000	0.193957	0.000000	0.442816	
23-11-2001	0.123000	0.400000	0.000000	0.260000	0.000000	0.112845	
24-11-2001	0.000000	0.500000	0.000000	0.324971	0.000000	0.021361	
25-11-2001	0.123000	0.600000	0.000000	0.386351	0.000000	0.018680	
26-11-2001	7.257000	0.200000	0.000000	0.127816	0.000000	0.271607	
27-11-2001	1.230000	0.100000	0.000000	0.065000	0.000000	1.366211	
28-11-2001	3.813000	0.400000	0.000000	0.260000	0.000000	2.773611	
29-11-2001	0.123000	0.100000	0.000000	0.065000	0.000000	2.813901	
30-11-2001	0.369000	0.200000	0.000000	0.130000	0.000000	1.816222	
01-12-2001	0.822000	0.100000	0.000000	0.065000	0.000000	1.562871	
02-12-2001	7.946000	0.100000	0.000000	0.065000	0.000000	2.286219	
03-12-2001	0.000000	0.000000	0.000000	0.000000	0.000000	2.761194	
04-12-2001	0.000000	0.000000	0.000000	0.000000	0.000000	2.486431	
05-12-2001	5.617000	0.200000	0.000000	0.130000	0.000000	1.731802	
06-12-2001	0.000000	0.100000	0.000000	0.065000	0.000000	1.203807	
07-12-2001	0.548000	0.400000	0.000000	0.259851	0.000000	1.679249	
08-12-2001	0.000000	0.100000	0.000000	0.065000	0.000000	2.593803	
09-12-2001	0.000000	0.100000	0.000000	0.064905	0.000000	2.592984	
10-12-2001	0.822000	0.100000	0.000000	0.064784	0.000000	2.162746	
11-12-2001	0.411000	0.300000	0.000000	0.195000	0.000000	2.083704	
12-12-2001	0.000000	0.000000	0.000000	0.000000	0.000000	1.743474	
13-12-2001	0.000000	0.100000	0.000000	0.065000	0.000000	1.016705	
14-12-2001	0.000000	0.100000	0.000000	0.064880	0.000000	0.438961	
15-12-2001	0.000000	0.200000	0.000000	0.129520	0.000000	0.227069	
16-12-2001	0.000000	0.100000	0.000000	0.063804	0.000000	0.243877	
17-12-2001	0.000000	0.300000	0.000000	0.193206	0.000000	0.253815	
18-12-2001	0.000000	0.100000	0.000000	0.064044	0.000000	0.174967	
19-12-2001	0.274000	0.100000	0.000000	0.063925	0.000000	0.080089	
20-12-2001	0.685000	0.300000	0.209375	0.040732	0.000000	0.025539	
21-12-2001	1.507000	0.100000	0.100000	0.000000	0.000000	0.005938	
22-12-2001	2.055000	0.200000	0.200000	0.000000	0.000000	0.001048	
23-12-2001	1.096000	0.100000	0.100000	0.000000	0.000000	0.000180	
24-12-2001	16.166000	0.100000	0.100000	0.000000	0.000000	0.002645	
25-12-2001	10.138000	0.100000	0.100000	0.000000	0.000000	0.039850	
26-12-2001	3.973000	0.200000	0.200000	0.000000	0.000000	0.192407	
27-12-2001	0.548000	0.100000	0.100000	0.000000	0.000000	0.405203	
28-12-2001	4.521000	0.100000	0.100000	0.000000	0.000000	0.621790	
29-12-2001	5.891000	0.200000	0.200000	0.000000	0.000000	1.597287	
30-12-2001	2.603000	0.200000	0.200000	0.000000	0.000000	4.338919	
31-12-2001	0.274000	0.200000	0.200000	0.000000	0.000000	7.390720	
01-01-2002	0.141000	0.100000	0.100000	0.000000	0.000000	7.624105	
02-01-2002	0.000000	0.400000	0.400000	0.000000	0.000000	5.094012	
03-01-2002	0.000000	0.300000	0.300000	0.000000	0.000000	2.468383	
04-01-2002	0.000000	0.300000	0.300000	0.000000	0.000000	1.095932	
05-01-2002	0.000000	0.300000	0.300000	0.000000	0.000000	0.618619	
06-01-2002	3.666000	0.100000	0.100000	0.000000	0.000000	0.524079	
07-01-2002	0.000000	0.100000	0.100000	0.000000	0.000000	0.778796	
08-01-2002	0.141000	0.000000	0.000000	0.000000	0.000000	1.209522	
09-01-2002	0.000000	0.100000	0.100000	0.000000	0.000000	1.260685	
10-01-2002	0.000000	0.100000	0.000000	0.049715	0.000000	0.965051	
11-01-2002	0.000000	0.000000	0.000000	0.000000	0.000000	0.778349	
12-01-2002	0.846000	0.100000	0.100000	0.000000	0.000000	0.957291	
13-01-2002	0.000000	0.100000	0.000000	0.048875	0.000000	1.551704	
14-01-2002	0.000000	0.100000	0.000000	0.048793	0.000000	2.370616	
15-01-2002	0.000000	0.100000	0.000000	0.051320	0.000000	2.825061	
16-01-2002	0.000000	0.100000	0.000000	0.064846	0.000000	2.432281	
17-01-2002	0.846000	0.100000	0.000000	0.064726	0.000000	1.532875	
18-01-2002	2.820000	0.200000	0.000000	0.130000	0.000000	0.792142	
19-01-2002	0.564000	0.100000	0.000000	0.065000	0.000000	0.386337	
20-01-2002	1.833000	0.200000	0.000000	0.130000	0.000000	0.175484	
21-01-2002	5.499000	0.200000	0.000000	0.130000	0.000000	0.085260	
22-01-2002	0.282000	0.300000	0.000000	0.195000	0.000000	0.180286	
23-01-2002	0.846000	0.200000	0.000000	0.130000	0.000000	0.578117	
24-01-2002	3.243000	0.200000	0.000000	0.130000	0.000000	1.080207	
25-01-2002	8.319000	0.300000	0.000000	0.195000	0.000000	1.422344	
26-01-2002	14.241000	0.100000	0.000000	0.065000	0.000000	1.889651	
27-01-2002	15.792000	0.200000	0.000000	0.130000	0.000000	2.330378	
28-01-2002	4.230000	0.200000	0.000000	0.130000	0.000000	2.147073	
29-01-2002	4.089000	0.400000	0.000000	0.260000	0.000000	1.959318	
30-01-2002	3.384000	0.400000	0.000000	0.260000	0.000000	3.062445	
31-01-2002	7.332000	0.400000	0.000000	0.260000	0.000000	5.898650	
01-02-2002	4.686000	0.600000	0.000000	0.390000	0.000000	9.324348	
02-02-2002	0.568000	0.800000	0.000000	0.520000	0.000000	10.853347	
03-02-2002	0.000000	0.800000	0.000000	0.520000	0.000000	9.316656	
04-02-2002	0.000000	0.400000	0.000000	0.256363	0.000000	6.633660	
05-02-2002	4.970000	0.100000	0.000000	0.063616	0.000000	5.079191	
06-02-2002	4.402000	0.300000	0.000000	0.195000	0.000000	4.751379	
07-02-2002	0.284000	0.400000	0.000000	0.260000	0.000000	4.173933	
08-02-2002	1.704000	0.500000	0.000000	0.325000	0.000000	2.740678	
09-02-2002	5.254000	0.400000	0.000000	0.260000	0.000000	1.379115	
10-02-2002	0.142000	0.500000	0.000000	0.325000	0.000000	1.110192	
11-02-2002	3.266000	0.100000	0.000000	0.064898	0.000000	1.879396	
12-02-2002	1.420000	0.300000	0.000000	0.195000	0.000000	2.475039	
13-02-2002	15.904000	0.900000	0.000000	0.585000	0.000000	2.269120	
14-02-2002	0.000000	0.900000	0.000000	0.585000	0.000000	2.087638	
15-02-2002	0.000000	0.400000	0.000000	0.257668	0.000000	2.243047	
16-02-2002	0.000000	0.300000	0.000000	0.191796	0.000000	2.234560	
17-02-2002	0.000000	0.800000	0.000000	0.508614	0.000000	2.417440	
18-02-2002	0.000000	0.400000	0.000000	0.250539	0.000000	3.726758	
19-02-2002	4.686000	0.500000	0.000000	0.310855	0.000000	5.295794	
20-02-2002	3.266000	0.500000	0.000000	0.325000	0.000000	4.781319	
21-02-2002	4.402000	1.000000	1.000000	0.000000	0.000000	2.663576	
22-02-2002	4.402000	0.800000	0.000000	0.393104	0.000000	0.976542	
23-02-2002	4.260000	0.500000	0.000000	0.250620	0.000000	0.326564	
24-02-2002	0.000000	1.100000	0.000000	0.548330	0.000000	0.516602	
25-02-2002	0.000000	1.100000	0.000000	0.709220	0.000000	1.281373	
26-02-2002	7.384000	0.300000	0.000000	0.189480	0.000000	2.075066	
27-02-2002	18.176000	0.400000	0.000000	0.260000	0.000000	2.735134	
28-02-2002	2.982000	0.600000	0.000000	0.390000	0.000000	3.352799	
01-03-2002	3.915000	0.900000	0.000000	0.585000	0.000000	3.290540	
02-03-2002	0.270000	0.800000	0.000000	0.520000	0.000000	2.427390	
03-03-2002	1.620000	0.500000	0.000000	0.323862	0.000000	2.387713	
04-03-2002	0.540000	1.200000	0.000000	0.780000	0.000000	4.675223	
05-03-2002	0.000000	0.600000	0.000000	0.388511	0.000000	7.438249	
06-03-2002	0.810000	0.200000	0.000000	0.128064	0.000000	7.472760	
07-03-2002	3.375000	0.800000	0.000000	0.520000	0.000000	5.170904	
08-03-2002	1.620000	1.200000	0.000000	0.780000	0.000000	2.788072	
09-03-2002	0.540000	1.500000	0.000000	0.975000	0.000000	1.339023	
10-03-2002	0.000000	1.300000	0.000000	0.836936	0.000000	0.619557	
11-03-2002	0.270000	1.400000	0.000000	0.879600	0.000000	0.339673	
12-03-2002	8.505000	1.500000	0.000000	0.925641	0.000000	0.533650	
13-03-2002	0.000000	1.200000	0.000000	0.780000	0.000000	0.982598	
14-03-2002	0.540000	0.700000	0.000000	0.447630	0.000000	1.078506	
15-03-2002	0.000000	1.600000	0.000000	1.026196	0.000000	0.725163	
16-03-2002	0.000000	0.700000	0.000000	0.435650	0.000000	0.458543	
17-03-2002	0.000000	0.400000	0.000000	0.245717	0.000000	0.864100	
18-03-2002	1.755000	0.400000	0.000000	0.243899	0.000000	1.617973	
19-03-2002	9.180000	0.400000	0.000000	0.255345	0.000000	1.635881	
20-03-2002	1.755000	2.000000	0.000000	1.300000	0.000000	0.954864	
21-03-2002	0.000000	1.800000	0.000000	1.170000	0.000000	0.355632	
22-03-2002	0.000000	1.500000	0.000000	0.944895	0.000000	0.103864	
23-03-2002	0.270000	1.700000	0.000000	1.041141	0.000000	0.239676	
24-03-2002	0.000000	2.000000	0.000000	1.196552	0.000000	1.147611	
25-03-2002	0.000000	2.000000	0.000000	1.152326	0.000000	2.389720	
26-03-2002	0.000000	2.000000	0.000000	1.109805	0.000000	2.507118	
27-03-2002	0.000000	2.000000	0.000000	1.068926	0.000000	1.531116	
28-03-2002	0.000000	1.600000	0.000000	0.823704	0.000000	0.603276	
29-03-2002	0.000000	2.300000	0.000000	1.149327	0.000000	0.165277	
30-03-2002	0.000000	2.300000	0.000000	1.100933	0.000000	0.033311	
31-03-2002	0.000000	1.900000	0.000000	0.871285	0.000000	0.005161	
01-04-2002	0.000000	2.100000	0.000000	0.929712	0.000000	0.000636	
02-04-2002	0.000000	2.500000	0.000000	1.064640	0.000000	0.000064	
03-04-2002	0.000000	2.500000	0.000000	1.016536	0.000000	0.000005	
04-04-2002	0.000000	2.500000	0.000000	0.970825	0.000000	0.000000	
05-04-2002	0.000000	1.800000	0.000000	0.667729	0.000000	0.000000	
06-04-2002	0.000000	2.400000	0.000000	0.861801	0.000000	0.000000	
07-04-2002	0.124000	1.200000	0.000000	0.412588	0.000000	0.000000	
08-04-2002	0.124000	2.200000	0.000000	0.745592	0.000000	0.000000	
09-04-2002	0.000000	2.500000	0.000000	0.820342	0.000000	0.000000	
10-04-2002	0.000000	2.600000	0.000000	0.815785	0.000000	0.000000	
11-04-2002	0.000000	1.000000	0.000000	0.299584	0.000000	0.000000	
12-04-2002	0.124000	1.200000	0.000000	0.353307	0.000000	0.000000	
13-04-2002	0.000000	0.500000	0.000000	0.145348	0.000000	0.000000	
14-04-2002	0.744000	0.400000	0.000000	0.115280	0.000000	0.000000	
15-04-2002	0.124000	0.500000	0.000000	0.150132	0.000000	0.000000	
16-04-2002	0.000000	0.500000	0.000000	0.149987	0.000000	0.000000	
17-04-2002	1.860000	0.300000	0.000000	0.089202	0.000000	0.000000	
18-04-2002	0.496000	0.600000	0.000000	0.198532	0.000000	0.000000	
19-04-2002	0.000000	1.700000	0.000000	0.572343	0.000000	0.000000	
20-04-2002	0.000000	2.900000	0.000000	0.946364	0.000000	0.000000	
21-04-2002	0.000000	3.200000	0.000000	0.989740	0.000000	0.000000	
22-04-2002	0.000000	3.500000	0.000000	1.020590	0.000000	0.000000	
23-04-2002	0.000000	2.100000	0.000000	0.574384	0.000000	0.000000	
24-04-2002	0.000000	1.500000	0.000000	0.395198	0.000000	0.000000	
25-04-2002	0.000000	2.800000	0.000000	0.718502	0.000000	0.000000	
26-04-2002	0.248000	0.800000	0.000000	0.195376	0.000000	0.000000	
27-04-2002	8.556000	1.700000	0.019119	0.412785	0.000000	0.000000	
28-04-2002	2.728000	1.400000	0.030664	0.546994	0.000000	0.000000	
29-04-2002	9.672000	2.600000	0.077587	1.110126	0.000000	0.000000	
30-04-2002	2.604000	2.700000	0.115993	1.551839	0.000000	0.000000	
01-05-2002	1.017000	2.600000	0.144529	1.518772	0.000000	0.000000	
02-05-2002	0.113000	2.400000	0.160610	1.352511	0.009853	0.000000	
03-05-2002	3.164000	0.900000	0.074635	0.479924	0.000000	0.000000	
04-05-2002	4.972000	0.800000	0.077509	0.454876	0.000000	0.000000	
05-05-2002	6.667000	0.600000	0.066277	0.347050	0.000000	0.000000	
06-05-2002	0.000000	1.800000	0.097232	1.026596	0.124157	0.000001	
07-05-2002	0.000000	1.700000	0.000000	0.939830	0.220258	0.000695	
08-05-2002	0.000000	2.700000	0.000000	1.428618	0.380243	0.032586	
09-05-2002	0.000000	4.300000	0.000000	2.126310	0.673243	0.352831	
10-05-2002	0.000000	4.400000	0.000000	1.970256	0.765885	1.350926	
11-05-2002	0.000000	4.400000	0.000000	1.781389	0.843401	2.318908	
12-05-2002	0.678000	1.200000	0.251679	0.439270	0.000000	2.092198	
13-05-2002	0.113000	4.300000	0.307638	1.533133	0.657375	1.116661	
14-05-2002	0.000000	2.100000	0.000000	0.685900	0.497890	0.386349	
15-05-2002	0.791000	3.100000	0.791000	0.932775	0.049759	0.093117	
16-05-2002	0.904000	1.700000	0.529022	0.463480	0.000000	0.016551	
17-05-2002	0.000000	3.700000	0.308373	0.950196	0.942752	0.002270	
18-05-2002	0.000000	4.800000	0.000000	1.114168	1.754383	0.000249	
19-05-2002	0.113000	0.900000	0.113000	0.185679	0.237425	0.000023	
20-05-2002	0.904000	3.900000	0.904000	0.747216	0.760417	0.000002	
21-05-2002	0.000000	4.700000	0.000000	0.819800	2.107126	0.000000	
22-05-2002	0.000000	4.500000	0.000000	0.691035	2.140063	0.000000	
23-05-2002	0.000000	1.900000	0.000000	0.259060	0.945562	0.000000	
24-05-2002	16.046000	2.700000	1.454755	0.333523	0.000000	0.000000	
25-05-2002	1.017000	3.300000	1.651455	0.751680	0.230031	0.000000	
26-05-2002	0.000000	4.200000	0.000000	0.865907	2.485920	0.000000	
27-05-2002	2.712000	4.000000	2.532974	0.718817	0.000000	0.000000	
28-05-2002	0.000000	3.500000	0.179026	0.572645	2.086406	0.000000	
29-05-2002	0.226000	3.600000	0.226000	0.519913	2.198789	0.000000	
30-05-2002	0.339000	3.400000	0.339000	0.430382	2.043791	0.000000	
31-05-2002	0.000000	2.600000	0.000000	0.285355	1.895639	0.000000	
01-06-2002	5.661000	4.500000	3.463102	0.439800	0.000000	0.000000	
02-06-2002	0.000000	5.000000	1.131657	0.458388	2.790826	0.000000	
03-06-2002	0.000000	5.300000	0.000000	0.415376	4.267868	0.000000	
04-06-2002	0.000000	4.300000	0.000000	0.282938	3.560020	0.000000	
05-06-2002	0.000000	5.200000	0.000000	0.291697	4.410299	0.000000	
06-06-2002	0.000000	5.500000	0.000000	0.259693	4.759662	0.000000	
07-06-2002	0.000000	4.800000	0.000000	0.190986	4.217947	0.000000	
08-06-2002	0.000000	5.300000	0.000000	0.181650	4.707495	0.000000	
09-06-2002	0.000000	3.500000	0.000000	0.102988	3.132369	0.000000	
10-06-2002	0.000000	2.500000	0.000000	0.066067	2.249852	0.000000	
11-06-2002	28.527000	3.200000	2.955140	0.078140	0.000000	0.000000	
12-06-2002	7.437000	3.500000	3.242850	0.286876	0.000000	0.000000	
13-06-2002	2.664000	2.600000	2.414872	0.215100	0.000000	0.000000	
14-06-2002	6.216000	4.400000	4.093153	0.360631	0.000000	0.000000	
15-06-2002	6.660000	2.400000	2.234357	0.195724	0.000000	0.000000	
16-06-2002	0.111000	4.600000	1.840779	0.386421	2.353775	0.000000	
17-06-2002	0.000000	4.000000	0.000000	0.336325	3.572955	0.000000	
18-06-2002	0.000000	5.400000	0.000000	0.441654	4.768230	0.000000	
19-06-2002	4.773000	4.800000	4.329115	0.374304	0.000000	0.000000	
20-06-2002	0.000000	1.800000	0.443885	0.143700	1.120795	0.000000	
21-06-2002	5.439000	4.100000	3.641749	0.328304	0.000000	0.000000	
22-06-2002	0.000000	3.300000	1.546152	0.271681	1.302785	0.000000	
23-06-2002	0.000000	4.400000	0.000000	0.361309	3.664210	0.000000	
24-06-2002	1.221000	3.800000	1.221000	0.295590	1.964878	0.000000	
25-06-2002	3.885000	2.500000	2.147951	0.189372	0.000000	0.000000	
26-06-2002	0.000000	3.400000	1.440915	0.266384	1.371715	0.000000	
27-06-2002	0.000000	3.600000	0.000000	0.277776	2.854438	0.000000	
28-06-2002	0.000000	3.000000	0.000000	0.218333	2.351322	0.000000	
29-06-2002	5.661000	3.200000	2.662584	0.220842	0.000000	0.000000	
30-06-2002	3.219000	2.400000	1.980368	0.182847	0.000000	0.000000	
01-07-2002	3.740000	1.900000	1.554137	0.156444	0.000000	0.000000	
02-07-2002	3.740000	3.000000	2.433082	0.277541	0.000000	0.000000	
03-07-2002	0.990000	1.600000	1.283768	0.159243	0.000000	0.000000	
04-07-2002	4.070000	2.200000	1.749074	0.222684	0.000000	0.000000	
05-07-2002	6.270000	3.000000	2.356261	0.336943	0.000000	0.000000	
06-07-2002	3.850000	2.100000	1.630203	0.276184	0.000000	0.000000	
07-07-2002	0.220000	3.400000	1.421821	0.491154	1.061272	0.000000	
08-07-2002	0.110000	4.300000	0.110000	0.616709	2.792852	0.000000	
09-07-2002	0.000000	5.100000	0.000000	0.698540	3.332484	0.000000	
10-07-2002	0.000000	2.300000	0.000000	0.296400	1.446235	0.000000	
11-07-2002	27.830000	4.500000	3.166847	0.575861	0.000000	0.000000	
12-07-2002	0.000000	4.600000	1.043775	0.882730	1.807301	0.000000	
13-07-2002	0.000000	3.000000	0.000000	0.578224	1.702214	0.000000	
14-07-2002	0.000000	2.100000	0.000000	0.400915	1.143636	0.000000	
15-07-2002	0.000000	4.600000	0.000000	0.882071	2.394682	0.000000	
16-07-2002	0.000000	5.300000	0.000000	0.984597	2.610684	0.000000	
17-07-2002	0.000000	4.400000	0.000000	0.781012	2.040057	0.000000	
18-07-2002	4.730000	0.700000	0.395997	0.121093	0.000000	0.000000	
19-07-2002	0.110000	1.200000	0.543218	0.277423	0.000000	0.000000	
20-07-2002	1.980000	2.700000	0.800793	0.733434	0.000000	0.000000	
21-07-2002	0.000000	2.000000	0.371874	0.605371	0.000000	0.000000	
22-07-2002	9.460000	0.800000	0.148750	0.236995	0.000000	0.000000	
23-07-2002	1.430000	3.700000	0.687968	1.377454	0.000000	0.000000	
24-07-2002	2.530000	3.300000	0.613593	1.216976	0.000000	0.000000	
25-07-2002	0.000000	3.000000	0.464427	1.116855	0.000000	0.000000	
26-07-2002	0.000000	0.800000	0.000000	0.289015	0.000000	0.000000	
27-07-2002	0.440000	4.600000	0.440000	1.647708	0.000000	0.000000	
28-07-2002	0.000000	4.900000	0.000000	1.669391	0.000000	0.000000	
29-07-2002	0.000000	4.500000	0.000000	1.453446	0.000000	0.000000	
30-07-2002	0.000000	3.700000	0.000000	1.138148	0.000000	0.000000	
31-07-2002	0.000000	4.300000	0.000000	1.271040	0.000000	0.000000	
01-08-2002	0.000000	2.600000	0.000000	0.733715	0.000000	0.000000	
02-08-2002	19.910000	0.900000	0.167343	0.247039	0.000000	0.000000	
03-08-2002	7.700000	2.800000	0.520624	1.042398	0.000000	0.000000	
04-08-2002	0.220000	1.700000	0.316093	0.632884	0.000000	0.000000	
05-08-2002	0.000000	3.200000	0.368334	1.176199	0.000000	0.000000	
06-08-2002	0.000000	2.000000	0.000000	0.710162	0.000000	0.000000	
07-08-2002	1.100000	4.200000	0.780936	1.459729	0.000000	0.000000	
08-08-2002	0.000000	3.900000	0.319064	1.295176	0.000000	0.000000	
09-08-2002	0.440000	2.900000	0.440000	0.923383	0.000000	0.000000	
10-08-2002	0.000000	2.600000	0.000000	0.802537	0.000000	0.000000	
11-08-2002	0.000000	3.700000	0.000000	1.110802	0.000000	0.000000	
12-08-2002	3.080000	1.300000	0.241718	0.375098	0.000000	0.000000	
13-08-2002	0.440000	3.000000	0.557812	0.930796	0.000000	0.000000	
14-08-2002	0.110000	3.800000	0.456616	1.141669	0.000000	0.000000	
15-08-2002	0.000000	4.500000	0.000000	1.297829	0.000000	0.000000	
16-08-2002	0.000000	4.200000	0.000000	2.014832	0.000000	0.000000	
17-08-2002	0.000000	3.300000	0.000000	1.461373	0.000000	0.000000	
18-08-2002	0.000000	4.200000	0.000000	1.748250	0.000000	0.000000	
19-08-2002	0.000000	3.700000	0.000000	1.423084	0.000000	0.000000	
20-08-2002	0.000000	4.200000	0.000000	1.508185	0.000000	0.000000	
21-08-2002	0.000000	4.100000	0.000000	1.362366	0.000000	0.000000	
22-08-2002	0.000000	3.700000	0.000000	1.140948	0.000000	0.000000	
23-08-2002	0.000000	3.700000	0.000000	1.067840	0.000000	0.000000	
24-08-2002	0.000000	3.700000	0.000000	1.000329	0.000000	0.000000	
25-08-2002	0.000000	2.100000	0.000000	0.532369	0.000000	0.000000	
26-08-2002	0.000000	2.100000	0.000000	0.513816	0.000000	0.000000	
27-08-2002	4.730000	3.100000	0.000000	0.732274	0.000000	0.000000	
28-08-2002	0.000000	3.300000	0.000000	1.034698	0.000000	0.000000	
29-08-2002	0.000000	3.800000	0.000000	1.119931	0.000000	0.000000	
30-08-2002	0.000000	2.400000	0.000000	0.658692	0.000000	0.000000	
31-08-2002	0.110000	2.000000	0.000000	0.525265	0.000000	0.000000	
01-09-2002	0.000000	3.300000	0.000000	0.842613	0.000000	0.000000	
02-09-2002	0.000000	3.300000	0.000000	0.793194	0.000000	0.000000	
03-09-2002	0.000000	3.300000	0.000000	0.747185	0.000000	0.000000	
04-09-2002	0.000000	3.000000	0.000000	0.640396	0.000000	0.000000	
05-09-2002	0.000000	3.000000	0.000000	0.607652	0.000000	0.000000	
06-09-2002	0.000000	2.900000	0.000000	0.557916	0.000000	0.000000	
07-09-2002	0.000000	3.200000	0.000000	0.586408	0.000000	0.000000	
08-09-2002	0.000000	2.800000	0.000000	0.486855	0.000000	0.000000	
09-09-2002	0.000000	2.900000	0.000000	0.482290	0.000000	0.000000	
10-09-2002	0.000000	2.800000	0.000000	0.445157	0.000000	0.000000	
11-09-2002	0.000000	2.800000	0.000000	0.426670	0.000000	0.000000	
12-09-2002	0.000000	3.200000	0.000000	0.467785	0.000000	0.000000	
13-09-2002	0.000000	3.100000	0.000000	0.432487	0.000000	0.000000	
14-09-2002	0.111000	2.600000	0.000000	0.347012	0.000000	0.000000	
15-09-2002	0.111000	2.800000	0.000000	0.366228	0.000000	0.000000	
16-09-2002	0.000000	1.300000	0.000000	0.165980	0.000000	0.000000	
17-09-2002	0.000000	1.800000	0.000000	0.225502	0.000000	0.000000	
18-09-2002	0.111000	2.600000	0.000000	0.317384	0.000000	0.000000	
19-09-2002	0.000000	2.500000	0.000000	0.299360	0.000000	0.000000	
20-09-2002	0.000000	2.000000	0.000000	0.230964	0.000000	0.000000	
21-09-2002	5.217000	1.300000	0.000000	0.145992	0.000000	0.000000	
22-09-2002	10.212000	0.400000	0.000000	0.083524	0.000000	0.000000	
23-09-2002	17.094000	2.100000	0.000000	0.840081	0.000000	0.000000	
24-09-2002	0.000000	1.700000	0.000000	1.105000	0.000000	0.000000	
25-09-2002	0.000000	1.400000	0.000000	0.892090	0.000000	0.000000	
26-09-2002	1.443000	0.700000	0.000000	0.434479	0.000000	0.000000	
27-09-2002	3.441000	2.100000	0.000000	1.343749	0.000000	0.000000	
28-09-2002	0.000000	1.200000	0.000000	0.780000	0.000000	0.000000	
29-09-2002	0.000000	0.700000	0.000000	0.446621	0.000000	0.000000	
30-09-2002	0.000000	1.900000	0.000000	1.196537	0.000000	0.000000	
01-10-2002	0.000000	1.800000	0.000000	1.093683	0.000000	0.000000	
02-10-2002	0.000000	1.900000	0.000000	1.116021	0.000000	0.000000	
03-10-2002	0.000000	1.500000	0.000000	0.850160	0.000000	0.000000	
04-10-2002	3.192000	1.800000	0.000000	0.991983	0.000000	0.000000	
05-10-2002	0.000000	0.900000	0.000000	0.533781	0.000000	0.000000	
06-10-2002	26.790000	1.700000	0.000000	0.991460	0.000000	0.000000	
07-10-2002	0.000000	1.600000	0.000000	1.040000	0.000000	0.000000	
08-10-2002	0.000000	0.700000	0.000000	0.448081	0.000000	0.000000	
09-10-2002	0.000000	0.800000	0.000000	0.505313	0.000000	0.000000	
10-10-2002	0.570000	1.600000	0.000000	0.995657	0.000000	0.000000	
11-10-2002	0.114000	1.600000	0.000000	0.983394	0.000000	0.000000	
12-10-2002	4.104000	0.900000	0.000000	0.538722	0.000000	0.000000	
13-10-2002	0.000000	0.200000	0.000000	0.130000	0.000000	0.000000	
14-10-2002	5.814000	0.200000	0.000000	0.129698	0.000000	0.000000	
15-10-2002	0.684000	1.100000	0.000000	0.715000	0.000000	0.000000	
16-10-2002	0.228000	0.200000	0.000000	0.130000	0.000000	0.000000	
17-10-2002	22.002000	0.400000	0.000000	0.260000	0.000000	0.000000	
18-10-2002	8.550000	0.600000	0.000000	0.390000	0.000000	0.000021	
19-10-2002	0.456000	0.900000	0.000000	0.585000	0.000000	0.026597	
20-10-2002	0.114000	1.200000	0.000000	0.780000	0.000000	0.430348	
21-10-2002	0.000000	0.200000	0.000000	0.127607	0.000000	1.543521	
22-10-2002	3.648000	0.100000	0.000000	0.063567	0.000000	4.019716	
23-10-2002	4.218000	0.500000	0.000000	0.325000	0.000000	7.667099	
24-10-2002	3.876000	0.900000	0.000000	0.585000	0.000000	8.742417	
25-10-2002	0.000000	0.300000	0.000000	0.195000	0.000000	6.097336	
26-10-2002	10.830000	0.700000	0.000000	0.453526	0.000000	2.857398	
27-10-2002	2.052000	0.100000	0.000000	0.065000	0.000000	1.379697	
28-10-2002	20.178000	1.000000	0.000000	0.650000	0.000000	1.639552	
29-10-2002	0.000000	0.800000	0.000000	0.520000	0.000000	2.439047	
30-10-2002	0.000000	0.900000	0.000000	0.580890	0.000000	2.834501	
31-10-2002	0.000000	0.400000	0.000000	0.253863	0.000000	3.311099	
01-11-2002	0.000000	0.300000	0.000000	0.188987	0.000000	4.582825	
02-11-2002	6.396000	0.800000	0.000000	0.501166	0.000000	6.509205	
03-11-2002	0.000000	0.300000	0.000000	0.195000	0.000000	7.884903	
04-11-2002	0.246000	0.600000	0.000000	0.388813	0.000000	6.597754	
05-11-2002	0.000000	0.800000	0.000000	0.516367	0.000000	3.581024	
06-11-2002	0.000000	0.700000	0.000000	0.445122	0.000000	1.417070	
07-11-2002	0.000000	0.100000	0.000000	0.062764	0.000000	0.963907	
08-11-2002	1.476000	0.600000	0.000000	0.375888	0.000000	1.363246	
09-11-2002	26.076000	0.200000	0.000000	0.129476	0.000000	1.332528	
10-11-2002	7.872000	0.500000	0.000000	0.325000	0.000000	0.774347	
11-11-2002	0.246000	0.200000	0.000000	0.130000	0.000000	0.289009	
12-11-2002	0.123000	0.100000	0.000000	0.065000	0.000000	0.111282	
13-11-2002	2.829000	0.100000	0.000000	0.065000	0.000000	0.690152	
14-11-2002	7.872000	0.300000	0.000000	0.195000	0.000000	3.674521	
15-11-2002	4.305000	0.200000	0.000000	0.130000	0.000000	8.313897	
16-11-2002	0.000000	0.200000	0.000000	0.130000	0.000000	9.721890	
17-11-2002	20.418000	0.100000	0.000000	0.064874	0.000000	6.838575	
18-11-2002	7.626000	0.100000	0.000000	0.065000	0.000000	3.681978	
19-11-2002	0.738000	0.600000	0.000000	0.390000	0.000000	2.974007	
20-11-2002	0.000000	0.200000	0.000000	0.130000	0.000000	3.847212	
21-11-2002	0.000000	0.200000	0.000000	0.129607	0.000000	4.484548	
22-11-2002	0.000000	0.200000	0.000000	0.129127	0.000000	5.702317	
23-11-2002	5.043000	0.000000	0.000000	0.000000	0.000000	8.067770	
24-11-2002	5.658000	0.100000	0.000000	0.065000	0.000000	8.492421	
25-11-2002	0.123000	0.100000	0.000000	0.065000	0.000000	5.852658	
26-11-2002	0.000000	0.100000	0.000000	0.065000	0.000000	2.720220	
27-11-2002	0.123000	0.200000	0.000000	0.129792	0.000000	1.028708	
28-11-2002	0.000000	0.000000	0.000000	0.000000	0.000000	1.031537	
29-11-2002	0.123000	0.000000	0.000000	0.000000	0.000000	2.167568	
30-11-2002	7.011000	0.000000	0.000000	0.000000	0.000000	2.967239	
01-12-2002	2.466000	0.100000	0.000000	0.065000	0.000000	2.428483	
02-12-2002	0.000000	0.100000	0.000000	0.065000	0.000000	1.261783	
03-12-2002	0.274000	0.000000	0.000000	0.000000	0.000000	0.456082	
04-12-2002	0.685000	0.000000	0.000000	0.000000	0.000000	0.321552	
05-12-2002	0.137000	0.000000	0.000000	0.000000	0.000000	1.096880	
06-12-2002	0.685000	0.000000	0.000000	0.000000	0.000000	2.363862	
07-12-2002	0.000000	0.200000	0.000000	0.130000	0.000000	2.728324	
08-12-2002	0.000000	0.100000	0.000000	0.064809	0.000000	1.930827	
09-12-2002	0.000000	0.000000	0.000000	0.000000	0.000000	1.017199	
10-12-2002	0.000000	0.300000	0.000000	0.110909	0.000000	0.569873	
11-12-2002	0.000000	0.300000	0.000000	0.085560	0.000000	0.434526	
12-12-2002	0.000000	0.300000	0.000000	0.072497	0.000000	0.371992	
13-12-2002	0.000000	0.100000	0.000000	0.012289	0.000000	0.261295	
14-12-2002	0.000000	0.200000	0.000000	0.013616	0.000000	0.129080	
15-12-2002	0.000000	0.000000	0.000000	0.000000	0.000000	0.044111	
16-12-2002	0.000000	0.100000	0.000000	0.012256	0.000000	0.010783	
17-12-2002	0.000000	0.100000	0.000000	0.024186	0.000000	0.001967	
18-12-2002	0.411000	0.100000	0.000000	0.031567	0.000000	0.000278	
19-12-2002	0.000000	0.100000	0.000000	0.048618	0.000000	0.000032	
20-12-2002	0.000000	0.100000	0.000000	0.062681	0.000000	0.000003	
21-12-2002	0.411000	0.100000	0.000000	0.064687	0.000000	0.000000	
22-12-2002	0.000000	0.100000	0.000000	0.048460	0.000000	0.000000	
23-12-2002	0.000000	0.300000	0.000000	0.118599	0.000000	0.000000	
24-12-2002	0.000000	0.100000	0.000000	0.028104	0.000000	0.000032	
25-12-2002	0.137000	0.100000	0.032000	0.013571	0.000000	0.001175	
26-12-2002	0.137000	0.000000	0.000000	0.000000	0.000000	0.009194	
27-12-2002	4.384000	0.100000	0.000000	0.048770	0.000000	0.024466	
28-12-2002	12.193000	0.000000	0.000000	0.000000	0.000000	0.029218	
29-12-2002	4.932000	0.100000	0.000000	0.054430	0.000000	0.018861	
30-12-2002	1.370000	0.200000	0.200000	0.000000	0.000000	0.014964	
31-12-2002	0.137000	0.300000	0.300000	0.000000	0.000000	0.147268	
01-01-2003	1.692000	0.200000	0.200000	0.000000	0.000000	0.975766	
02-01-2003	4.371000	0.100000	0.100000	0.000000	0.000000	3.111584	
03-01-2003	0.846000	0.100000	0.100000	0.000000	0.000000	5.387970	
04-01-2003	4.089000	0.200000	0.200000	0.000000	0.000000	5.547285	
05-01-2003	3.102000	0.100000	0.100000	0.000000	0.000000	3.786499	
06-01-2003	4.653000	0.200000	0.200000	0.000000	0.000000	1.966494	
07-01-2003	0.000000	0.100000	0.100000	0.000000	0.000000	0.938732	
08-01-2003	0.282000	0.200000	0.200000	0.000000	0.000000	0.538489	
09-01-2003	0.000000	0.200000	0.200000	0.000000	0.000000	0.408777	
10-01-2003	0.000000	0.100000	0.100000	0.000000	0.000000	0.346873	
11-01-2003	0.000000	0.200000	0.200000	0.000000	0.000000	0.254830	
12-01-2003	0.000000	0.300000	0.300000	0.000000	0.000000	0.282381	
13-01-2003	4.512000	0.100000	0.100000	0.000000	0.000000	0.316542	
14-01-2003	0.423000	0.200000	0.000000	0.119250	0.000000	0.325940	
15-01-2003	1.269000	0.100000	0.000000	0.062453	0.000000	0.321842	
16-01-2003	0.282000	0.200000	0.000000	0.098108	0.000000	0.324844	
17-01-2003	0.282000	0.100000	0.000000	0.048811	0.000000	0.612557	
18-01-2003	0.423000	0.100000	0.000000	0.048812	0.000000	2.014069	
19-01-2003	0.000000	0.100000	0.000000	0.048844	0.000000	4.391850	
20-01-2003	3.666000	0.100000	0.000000	0.064954	0.000000	5.554234	
21-01-2003	8.037000	0.100000	0.000000	0.065000	0.000000	4.414612	
22-01-2003	2.820000	0.200000	0.000000	0.130000	0.000000	2.413110	
23-01-2003	0.423000	0.200000	0.000000	0.130000	0.000000	1.044157	
24-01-2003	0.000000	0.200000	0.000000	0.130000	0.000000	0.556741	
25-01-2003	0.000000	0.000000	0.000000	0.000000	0.000000	0.940753	
26-01-2003	2.115000	0.300000	0.000000	0.194395	0.000000	2.310193	
27-01-2003	0.282000	0.200000	0.000000	0.130000	0.000000	3.727213	
28-01-2003	2.115000	0.300000	0.000000	0.195000	0.000000	3.725658	
29-01-2003	6.204000	0.100000	0.000000	0.065000	0.000000	2.440167	
30-01-2003	2.256000	0.200000	0.200000	0.000000	0.000000	1.154102	
31-01-2003	0.000000	0.400000	0.400000	0.000000	0.000000	0.621926	
01-02-2003	0.000000	0.400000	0.000000	0.128978	0.000000	0.689124	
02-02-2003	0.568000	0.100000	0.100000	0.000000	0.000000	1.029064	
03-02-2003	1.278000	0.200000	0.200000	0.000000	0.000000	1.779876	
04-02-2003	0.426000	0.200000	0.000000	0.080324	0.000000	2.497920	
05-02-2003	0.000000	0.400000	0.000000	0.195939	0.000000	2.289627	
06-02-2003	0.852000	0.200000	0.200000	0.000000	0.000000	1.489186	
07-02-2003	0.568000	0.200000	0.200000	0.000000	0.000000	0.858991	
08-02-2003	1.278000	0.100000	0.100000	0.000000	0.000000	0.604404	
09-02-2003	0.000000	0.700000	0.000000	0.342052	0.000000	0.606005	
10-02-2003	0.000000	0.400000	0.000000	0.194641	0.000000	0.603713	
11-02-2003	0.000000	0.200000	0.000000	0.056773	0.000000	0.464724	
12-02-2003	0.000000	0.700000	0.000000	0.148923	0.000000	0.333442	
13-02-2003	0.000000	0.600000	0.000000	0.080096	0.000000	0.355296	
14-02-2003	0.000000	0.100000	0.000000	0.001781	0.000000	0.442745	
15-02-2003	0.426000	0.200000	0.096000	0.000000	0.000000	0.406228	
16-02-2003	0.000000	0.800000	0.000000	0.370402	0.000000	0.248192	
17-02-2003	0.000000	0.200000	0.000000	0.029575	0.000000	0.103093	
18-02-2003	0.000000	0.200000	0.000000	0.015482	0.000000	0.030256	
19-02-2003	0.142000	0.500000	0.000000	0.021117	0.000000	0.006523	
20-02-2003	0.000000	1.100000	0.000000	0.294069	0.000000	0.001072	
21-02-2003	0.000000	0.100000	0.000000	0.018048	0.000000	0.000139	
22-02-2003	0.000000	0.200000	0.000000	0.032128	0.000000	0.000015	
23-02-2003	0.000000	1.100000	0.000000	0.280590	0.000000	0.000001	
24-02-2003	0.000000	1.100000	0.000000	0.441395	0.000000	0.000000	
25-02-2003	0.000000	1.000000	0.000000	0.181813	0.000000	0.000000	
26-02-2003	0.000000	1.100000	0.000000	0.309576	0.000000	0.000000	
27-02-2003	0.000000	0.300000	0.000000	0.057731	0.000000	0.000000	
28-02-2003	0.000000	0.600000	0.000000	0.059723	0.000000	0.000000	
01-03-2003	0.675000	0.300000	0.197813	0.006018	0.000000	0.000000	
02-03-2003	0.675000	0.700000	0.000000	0.213517	0.000000	0.000000	
03-03-2003	0.000000	0.500000	0.000000	0.179648	0.000000	0.000000	
04-03-2003	0.135000	0.300000	0.000000	0.095291	0.000000	0.000000	
05-03-2003	0.000000	0.600000	0.000000	0.236767	0.000000	0.000000	
06-03-2003	0.000000	0.800000	0.000000	0.403288	0.000000	0.000000	
07-03-2003	1.620000	0.400000	0.000000	0.247841	0.000000	0.000000	
08-03-2003	1.485000	0.500000	0.000000	0.322794	0.000000	0.000000	
09-03-2003	2.430000	0.300000	0.000000	0.195000	0.000000	0.000000	
10-03-2003	2.160000	1.200000	0.000000	0.780000	0.000000	0.000001	
11-03-2003	0.000000	0.800000	0.000000	0.520000	0.000000	0.000279	
12-03-2003	2.565000	0.800000	0.000000	0.513618	0.000000	0.011801	
13-03-2003	0.000000	1.800000	0.000000	1.170000	0.000000	0.125166	
14-03-2003	0.000000	1.800000	0.000000	1.135558	0.000000	0.508075	
15-03-2003	0.000000	1.700000	0.000000	1.036729	0.000000	1.013479	
16-03-2003	0.000000	1.700000	0.000000	1.004140	0.000000	1.188869	
17-03-2003	0.000000	1.900000	0.000000	1.087042	0.000000	1.021271	
18-03-2003	0.000000	2.000000	0.000000	1.104164	0.000000	0.804087	
19-03-2003	0.000000	1.200000	0.000000	0.638107	0.000000	0.545483	
20-03-2003	0.000000	1.700000	0.000000	0.884057	0.000000	0.268309	
21-03-2003	0.000000	1.700000	0.000000	0.856482	0.000000	0.091273	
22-03-2003	0.000000	1.900000	0.000000	0.927446	0.000000	0.022060	
23-03-2003	0.000000	2.100000	0.000000	0.989483	0.000000	0.003956	
24-03-2003	0.000000	2.300000	0.000000	1.042240	0.000000	0.000548	
25-03-2003	0.270000	2.200000	0.000000	0.955265	0.000000	0.000061	
26-03-2003	0.000000	2.100000	0.000000	0.886236	0.000000	0.000006	
27-03-2003	0.000000	1.800000	0.000000	0.730807	0.000000	0.000000	
28-03-2003	0.000000	2.100000	0.000000	0.824990	0.000000	0.000000	
29-03-2003	0.000000	1.900000	0.000000	0.718314	0.000000	0.000000	
30-03-2003	0.000000	1.900000	0.000000	0.693958	0.000000	0.000000	
31-03-2003	0.000000	2.500000	0.000000	0.882284	0.000000	0.000000	
01-04-2003	0.000000	1.200000	0.000000	0.404780	0.000000	0.000000	
02-04-2003	1.736000	1.900000	0.000000	0.627401	0.000000	0.000000	
03-04-2003	0.000000	2.600000	0.000000	0.915206	0.000000	0.000000	
04-04-2003	0.000000	1.000000	0.000000	0.335586	0.000000	0.000000	
05-04-2003	0.000000	2.500000	0.000000	0.824013	0.000000	0.000000	
06-04-2003	0.000000	2.100000	0.000000	0.661414	0.000000	0.000000	
07-04-2003	0.000000	2.200000	0.000000	0.667239	0.000000	0.000000	
08-04-2003	0.000000	2.000000	0.000000	0.583198	0.000000	0.000000	
09-04-2003	0.372000	1.100000	0.000000	0.309607	0.000000	0.000000	
10-04-2003	1.736000	0.800000	0.000000	0.226513	0.000000	0.000000	
11-04-2003	3.596000	1.200000	0.000000	0.374363	0.000000	0.000000	
12-04-2003	0.000000	1.100000	0.000000	0.410447	0.000000	0.000000	
13-04-2003	0.000000	2.500000	0.000000	0.914031	0.000000	0.000000	
14-04-2003	0.000000	2.900000	0.000000	1.011763	0.000000	0.000000	
15-04-2003	0.000000	3.100000	0.000000	1.024323	0.000000	0.000000	
16-04-2003	0.000000	3.300000	0.000000	1.029018	0.000000	0.000000	
17-04-2003	0.000000	3.200000	0.000000	0.938369	0.000000	0.000000	
18-04-2003	0.000000	2.000000	0.000000	0.552836	0.000000	0.000000	
19-04-2003	0.000000	2.900000	0.000000	0.773120	0.000000	0.000000	
20-04-2003	0.000000	3.200000	0.000000	0.809404	0.000000	0.000000	
21-04-2003	0.000000	3.600000	0.000000	0.859664	0.000000	0.000000	
22-04-2003	0.000000	3.600000	0.000000	0.806356	0.000000	0.000000	
23-04-2003	0.000000	3.500000	0.000000	0.736299	0.000000	0.000000	
24-04-2003	0.000000	3.200000	0.000000	0.630228	0.020655	0.000000	
25-04-2003	0.000000	2.800000	0.000000	0.520202	0.032969	0.000000	
26-04-2003	0.124000	0.600000	0.009727	0.106079	0.000000	0.000000	
27-04-2003	12.524000	1.600000	0.050670	0.278843	0.000000	0.000000	
28-04-2003	1.488000	2.500000	0.126183	0.975174	0.000000	0.000000	
29-04-2003	8.308000	2.800000	0.197388	1.088324	0.000000	0.000000	
30-04-2003	0.000000	2.300000	0.060897	1.147335	0.156104	0.000000	
01-05-2003	25.651000	2.000000	0.233826	0.932553	0.000000	0.000000	
02-05-2003	3.164000	2.600000	0.352092	1.461525	0.000000	0.000000	
03-05-2003	4.294000	1.500000	0.232861	0.823960	0.000000	0.000050	
04-05-2003	2.034000	2.700000	0.471052	1.449596	0.000000	0.010976	
05-05-2003	0.000000	3.700000	0.159320	1.941570	0.555780	0.281193	
06-05-2003	2.486000	1.200000	0.263038	0.572327	0.000000	1.821718	
07-05-2003	0.226000	2.800000	0.431355	1.362160	0.235340	4.518204	
08-05-2003	0.000000	3.800000	0.000000	1.730864	0.969330	5.650225	
09-05-2003	0.000000	3.000000	0.000000	1.245654	0.822139	4.359736	
10-05-2003	0.000000	2.400000	0.000000	0.926759	0.693051	2.347081	
11-05-2003	1.921000	4.100000	1.269668	1.475017	0.000000	0.922154	
12-05-2003	5.537000	2.800000	0.927901	0.937267	0.000000	0.267405	
13-05-2003	0.678000	2.100000	0.751511	0.769253	0.000000	0.058069	
14-05-2003	6.328000	3.200000	1.175106	1.125407	0.000000	0.009674	
15-05-2003	0.452000	2.200000	0.815434	0.871981	0.000000	0.001272	
16-05-2003	0.000000	2.700000	0.015591	1.032383	0.998434	0.000135	
17-05-2003	0.000000	2.600000	0.000000	0.943273	0.987407	0.000012	
18-05-2003	0.226000	2.900000	0.226000	1.001035	0.885051	0.000001	
19-05-2003	4.181000	2.800000	1.079831	0.919904	0.000000	0.000000	
20-05-2003	5.537000	2.700000	1.053286	0.935443	0.000000	0.000000	
21-05-2003	2.034000	2.600000	1.026976	0.998237	0.000000	0.000000	
22-05-2003	0.226000	2.400000	0.646534	0.913019	0.311885	0.000000	
23-05-2003	10.961000	1.900000	0.769719	0.694382	0.000000	0.000000	
24-05-2003	2.599000	1.800000	0.753290	0.677469	0.000000	0.000000	
25-05-2003	10.396000	4.400000	1.896965	1.619121	0.000000	0.000000	
26-05-2003	0.000000	3.800000	0.474115	1.377743	1.177888	0.000388	
27-05-2003	0.000000	4.500000	0.000000	1.506606	2.051081	0.025210	
28-05-2003	0.000000	3.700000	0.000000	1.112040	1.759006	0.285753	
29-05-2003	0.000000	4.900000	0.000000	1.347804	2.403129	1.108792	
30-05-2003	0.000000	4.600000	0.000000	1.131069	2.331183	2.192527	
31-05-2003	0.000000	4.800000	0.000000	1.057502	2.514761	2.600391	
01-06-2003	0.000000	4.900000	0.000000	0.960910	2.657761	1.887356	
02-06-2003	0.000000	5.000000	0.000000	0.871474	2.801522	0.851460	
03-06-2003	0.000000	4.400000	0.000000	0.683103	2.535717	0.249196	
04-06-2003	0.000000	3.700000	0.000000	0.515899	2.189601	0.049949	
05-06-2003	2.220000	4.200000	2.220000	0.527154	0.392156	0.007235	
06-06-2003	0.000000	4.300000	0.000000	0.501880	2.688992	0.000795	
07-06-2003	0.000000	2.300000	0.000000	0.241775	1.472761	0.000069	
08-06-2003	1.110000	3.700000	1.110000	0.356780	1.351962	0.000005	
09-06-2003	22.200000	1.400000	0.958414	0.125509	0.000000	0.000000	
10-06-2003	0.333000	3.200000	1.278014	0.635957	0.947380	0.000000	
11-06-2003	6.327000	4.600000	3.264334	0.873338	0.000000	0.000000	
12-06-2003	0.000000	4.900000	1.007115	0.914123	2.475134	0.000000	
13-06-2003	0.000000	4.100000	0.000000	0.672160	2.965601	0.000000	
14-06-2003	0.000000	3.300000	0.000000	0.469535	2.441718	0.000000	
15-06-2003	0.000000	2.800000	0.000000	0.350889	2.114708	0.000000	
16-06-2003	6.771000	5.000000	3.924039	0.560948	0.000000	0.000000	
17-06-2003	0.000000	4.700000	1.219274	0.531124	2.456867	0.000000	
18-06-2003	0.000000	1.900000	0.000000	0.191376	1.492432	0.000000	
19-06-2003	3.663000	3.100000	2.513330	0.289664	0.000000	0.000000	
20-06-2003	1.776000	3.200000	2.604578	0.291489	0.000000	0.000000	
21-06-2003	0.555000	2.700000	0.876092	0.241836	1.292766	0.000000	
22-06-2003	0.000000	3.300000	0.000000	0.293124	2.595622	0.000000	
23-06-2003	1.998000	2.100000	1.677541	0.179456	0.000000	0.000000	
24-06-2003	5.883000	2.400000	1.892912	0.211139	0.000000	0.000000	
25-06-2003	0.000000	2.700000	1.234695	0.279954	0.841850	0.000000	
26-06-2003	0.111000	5.000000	0.111000	0.519420	3.603937	0.000000	
27-06-2003	0.000000	4.700000	0.000000	0.450197	3.426693	0.000000	
28-06-2003	0.000000	4.200000	0.000000	0.380226	2.996409	0.000000	
29-06-2003	13.653000	1.700000	1.240758	0.147585	0.000000	0.000000	
30-06-2003	2.553000	2.700000	1.938581	0.405558	0.000000	0.000000	
01-07-2003	11.220000	2.200000	1.550391	0.345956	0.000000	0.000000	
02-07-2003	2.310000	2.900000	2.000063	0.581721	0.000000	0.000000	
03-07-2003	0.110000	2.200000	1.089743	0.460272	0.367624	0.000000	
04-07-2003	20.790000	1.400000	0.924033	0.296148	0.000000	0.000000	
05-07-2003	5.940000	3.500000	2.251878	0.786739	0.000000	0.000000	
06-07-2003	0.770000	2.900000	1.654866	0.683117	0.138976	0.000000	
07-07-2003	0.220000	2.600000	0.220000	0.627141	1.238352	0.000000	
08-07-2003	0.000000	3.300000	0.000000	0.798655	1.759585	0.000000	
09-07-2003	0.990000	4.300000	0.990000	1.029400	1.306278	0.000000	
10-07-2003	0.000000	4.600000	0.000000	1.094134	2.233953	0.000000	
11-07-2003	0.000000	3.200000	0.000000	0.743593	1.464486	0.000000	
12-07-2003	7.590000	3.700000	1.819609	0.854090	0.000000	0.000000	
13-07-2003	0.000000	5.100000	0.641753	1.421137	1.511775	0.000000	
14-07-2003	0.000000	4.600000	0.000000	1.251074	1.717646	0.000000	
15-07-2003	0.110000	4.800000	0.110000	1.279153	1.525558	0.000000	
16-07-2003	0.220000	3.500000	0.220000	0.919667	0.847035	0.000000	
17-07-2003	0.000000	2.700000	0.000000	0.714546	0.664996	0.000000	
18-07-2003	3.410000	1.900000	0.501962	0.511991	0.000000	0.000000	
19-07-2003	0.110000	4.400000	0.502470	1.356397	0.307254	0.000000	
20-07-2003	0.000000	5.100000	0.000000	1.543205	0.548492	0.000000	
21-07-2003	0.110000	2.200000	0.110000	0.623299	0.150509	0.000000	
22-07-2003	8.140000	4.100000	0.507459	1.166731	0.000000	0.000000	
23-07-2003	0.000000	4.500000	0.281115	1.713230	0.019253	0.000000	
24-07-2003	0.000000	4.200000	0.000000	1.521614	0.000000	0.000000	
25-07-2003	4.070000	4.200000	0.267205	1.432901	0.000000	0.000000	
26-07-2003	2.310000	2.500000	0.159051	0.929054	0.000000	0.000000	
27-07-2003	0.440000	2.400000	0.152689	0.933811	0.000000	0.000000	
28-07-2003	3.410000	3.800000	0.241757	1.444589	0.000000	0.000000	
29-07-2003	0.000000	4.300000	0.241531	1.740733	0.000000	0.000000	
30-07-2003	0.000000	4.600000	0.000000	1.750723	0.000000	0.000000	
31-07-2003	0.000000	4.800000	0.000000	1.710064	0.000000	0.000000	
01-08-2003	0.000000	4.700000	0.000000	1.562976	0.000000	0.000000	
02-08-2003	6.930000	2.300000	0.146327	0.715130	0.000000	0.000000	
03-08-2003	0.110000	4.300000	0.273567	1.691936	0.000000	0.000000	
04-08-2003	0.000000	4.500000	0.077964	1.664652	0.000000	0.000000	
05-08-2003	0.000000	4.600000	0.000000	1.595231	0.000000	0.000000	
06-08-2003	0.000000	4.600000	0.000000	1.493455	0.000000	0.000000	
07-08-2003	0.000000	3.900000	0.000000	1.584200	0.000000	0.000000	
08-08-2003	0.000000	4.600000	0.000000	1.734158	0.000000	0.000000	
09-08-2003	0.000000	4.600000	0.000000	1.587575	0.000000	0.000000	
10-08-2003	0.000000	4.300000	0.000000	1.359240	0.000000	0.000000	
11-08-2003	0.000000	4.600000	0.000000	1.340486	0.000000	0.000000	
12-08-2003	0.110000	3.800000	0.000000	1.015479	0.000000	0.000000	
13-08-2003	0.000000	3.300000	0.000000	0.828827	0.000000	0.000000	
14-08-2003	0.110000	3.100000	0.000000	0.732974	0.000000	0.000000	
15-08-2003	3.850000	1.100000	0.000000	0.248176	0.000000	0.000000	
16-08-2003	0.660000	3.000000	0.000000	0.881809	0.000000	0.000000	
17-08-2003	0.000000	3.700000	0.000000	1.073854	0.000000	0.000000	
18-08-2003	0.110000	0.700000	0.000000	0.189384	0.000000	0.000000	
19-08-2003	4.070000	2.900000	0.000000	0.780589	0.000000	0.000000	
20-08-2003	0.000000	2.500000	0.000000	0.829372	0.000000	0.000000	
21-08-2003	0.000000	1.500000	0.000000	0.474618	0.000000	0.000000	
22-08-2003	2.310000	1.900000	0.000000	0.584536	0.000000	0.000000	
23-08-2003	1.100000	2.300000	0.000000	0.783090	0.000000	0.000000	
24-08-2003	0.440000	3.900000	0.000000	1.352254	0.000000	0.000000	
25-08-2003	0.000000	3.700000	0.000000	1.220889	0.000000	0.000000	
26-08-2003	0.000000	2.700000	0.000000	0.829901	0.000000	0.000000	
27-08-2003	0.550000	2.500000	0.000000	0.730118	0.000000	0.000000	
28-08-2003	0.000000	3.200000	0.000000	0.924721	0.000000	0.000000	
29-08-2003	1.980000	1.000000	0.000000	0.271940	0.000000	0.000000	
30-08-2003	10.560000	0.600000	0.000000	0.182590	0.000000	0.000000	
31-08-2003	4.950000	2.600000	0.000000	1.300682	0.000000	0.000000	
01-09-2003	0.111000	1.200000	0.000000	0.683379	0.000000	0.000000	
02-09-2003	7.215000	2.200000	0.000000	1.229472	0.000000	0.000000	
03-09-2003	2.997000	1.700000	0.000000	1.105000	0.000000	0.000000	
04-09-2003	0.000000	2.600000	0.000000	1.690000	0.000000	0.000000	
05-09-2003	0.000000	2.700000	0.000000	1.679158	0.000000	0.000000	
06-09-2003	0.000000	3.100000	0.000000	1.831473	0.000000	0.000000	
07-09-2003	0.000000	1.400000	0.000000	0.779701	0.000000	0.000000	
08-09-2003	0.000000	2.400000	0.000000	1.302116	0.000000	0.000000	
09-09-2003	0.111000	1.600000	0.000000	0.829699	0.000000	0.000000	
10-09-2003	3.108000	0.700000	0.000000	0.353787	0.000000	0.000000	
11-09-2003	3.552000	2.300000	0.000000	1.282435	0.000000	0.000000	
12-09-2003	0.000000	2.100000	0.000000	1.261917	0.000000	0.000000	
13-09-2003	0.111000	2.800000	0.000000	1.617021	0.000000	0.000000	
14-09-2003	0.000000	2.700000	0.000000	1.484061	0.000000	0.000000	
15-09-2003	0.000000	2.500000	0.000000	1.305539	0.000000	0.000000	
16-09-2003	0.000000	1.700000	0.000000	0.846827	0.000000	0.000000	
17-09-2003	0.000000	2.500000	0.000000	1.206373	0.000000	0.000000	
18-09-2003	0.000000	2.500000	0.000000	1.150966	0.000000	0.000000	
19-09-2003	0.000000	1.400000	0.000000	0.615023	0.000000	0.000000	
20-09-2003	0.000000	2.400000	0.000000	1.027374	0.000000	0.000000	
21-09-2003	0.222000	1.600000	0.000000	0.654960	0.000000	0.000000	
22-09-2003	0.333000	2.500000	0.000000	1.004123	0.000000	0.000000	
23-09-2003	4.662000	2.200000	0.000000	0.857390	0.000000	0.000000	
24-09-2003	47.841000	2.300000	0.000000	1.063046	0.000000	0.000000	
25-09-2003	0.000000	1.700000	0.000000	1.105000	0.000000	0.000000	
26-09-2003	0.000000	2.200000	0.000000	1.425283	0.000000	0.000000	
27-09-2003	2.553000	1.900000	0.000000	1.178863	0.000000	0.000000	
28-09-2003	0.111000	1.700000	0.000000	1.099612	0.000000	0.007596	
29-09-2003	0.000000	0.500000	0.000000	0.314271	0.000000	0.528931	
30-09-2003	3.219000	2.100000	0.000000	1.307716	0.000000	3.502118	
01-10-2003	0.000000	1.200000	0.000000	0.780000	0.000000	6.452773	
02-10-2003	0.000000	1.300000	0.000000	0.828580	0.000000	5.239962	
03-10-2003	0.228000	0.900000	0.000000	0.559819	0.000000	2.391662	
04-10-2003	2.052000	1.300000	0.000000	0.800754	0.000000	0.711207	
05-10-2003	0.000000	1.500000	0.000000	0.959821	0.000000	0.180390	
06-10-2003	0.000000	1.100000	0.000000	0.684300	0.000000	0.106426	
07-10-2003	4.560000	1.200000	0.000000	0.731304	0.000000	0.100019	
08-10-2003	1.938000	0.900000	0.000000	0.585000	0.000000	0.061995	
09-10-2003	7.524000	1.100000	0.000000	0.715000	0.000000	0.024148	
10-10-2003	7.638000	1.300000	0.000000	0.845000	0.000000	0.007653	
11-10-2003	0.114000	1.600000	0.000000	1.040000	0.000000	0.033583	
12-10-2003	0.228000	1.700000	0.000000	1.083689	0.000000	0.232612	
13-10-2003	0.000000	1.500000	0.000000	0.932545	0.000000	0.817830	
14-10-2003	0.000000	1.500000	0.000000	0.906658	0.000000	2.009740	
15-10-2003	0.000000	1.400000	0.000000	0.822749	0.000000	3.581577	
16-10-2003	0.000000	1.300000	0.000000	0.744232	0.000000	4.219226	
17-10-2003	0.000000	0.600000	0.000000	0.335256	0.000000	3.169776	
18-10-2003	0.000000	0.400000	0.000000	0.221034	0.000000	1.551685	
19-10-2003	0.000000	0.800000	0.000000	0.438812	0.000000	0.517908	
20-10-2003	1.938000	1.100000	0.000000	0.594482	0.000000	0.123831	
21-10-2003	0.000000	0.200000	0.000000	0.113217	0.000000	0.022194	
22-10-2003	3.078000	1.100000	0.000000	0.620395	0.000000	0.003100	
23-10-2003	0.000000	1.000000	0.000000	0.448109	0.000000	0.000349	
24-10-2003	0.000000	0.700000	0.000000	0.421849	0.000000	0.000032	
25-10-2003	0.798000	0.400000	0.000000	0.237931	0.000000	0.000003	
26-10-2003	1.710000	1.000000	0.000000	0.605484	0.000000	0.000000	
27-10-2003	0.000000	0.600000	0.000000	0.375926	0.000000	0.000000	
28-10-2003	0.114000	0.300000	0.000000	0.185873	0.000000	0.000000	
29-10-2003	0.000000	0.600000	0.000000	0.370970	0.000000	0.000000	
30-10-2003	0.000000	0.200000	0.000000	0.122282	0.000000	0.000000	
31-10-2003	1.026000	0.300000	0.000000	0.182743	0.000000	0.000000	
01-11-2003	4.797000	0.200000	0.000000	0.125025	0.000000	0.000000	
02-11-2003	0.246000	0.400000	0.000000	0.260000	0.000000	0.000000	
03-11-2003	2.706000	0.500000	0.000000	0.325000	0.000000	0.000016	
04-11-2003	3.690000	0.900000	0.000000	0.585000	0.000000	0.002801	
05-11-2003	0.000000	0.200000	0.000000	0.130000	0.000000	0.063587	
06-11-2003	0.000000	0.700000	0.000000	0.454069	0.000000	0.381344	
07-11-2003	0.000000	0.700000	0.000000	0.448177	0.000000	0.928385	
08-11-2003	0.000000	0.100000	0.000000	0.063195	0.000000	1.359778	
09-11-2003	0.000000	0.100000	0.000000	0.063078	0.000000	1.694754	
10-11-2003	0.000000	0.100000	0.000000	0.062961	0.000000	1.796557	
11-11-2003	0.000000	0.500000	0.000000	0.314223	0.000000	1.352792	
12-11-2003	0.000000	0.700000	0.000000	0.435840	0.000000	0.679331	
13-11-2003	0.000000	0.400000	0.000000	0.245825	0.000000	0.232750	
14-11-2003	0.000000	0.100000	0.000000	0.061001	0.000000	0.056943	
15-11-2003	0.000000	0.100000	0.000000	0.060889	0.000000	0.010412	
16-11-2003	1.353000	0.100000	0.000000	0.060776	0.000000	0.001481	
17-11-2003	0.738000	0.400000	0.000000	0.252870	0.000000	0.000169	
18-11-2003	1.845000	0.100000	0.000000	0.064142	0.000000	0.000016	
19-11-2003	3.936000	0.100000	0.000000	0.065000	0.000000	0.000001	
20-11-2003	4.920000	0.100000	0.000000	0.065000	0.000000	0.000009	
21-11-2003	8.610000	0.100000	0.000000	0.065000	0.000000	0.001439	
22-11-2003	3.198000	0.000000	0.000000	0.000000	0.000000	0.035184	
23-11-2003	3.936000	0.100000	0.000000	0.065000	0.000000	0.279808	
24-11-2003	5.904000	0.100000	0.000000	0.065000	0.000000	1.054897	
25-11-2003	1.230000	0.100000	0.000000	0.065000	0.000000	2.422512	
26-11-2003	0.492000	0.100000	0.000000	0.065000	0.000000	4.046584	
27-11-2003	0.000000	0.100000	0.000000	0.065000	0.000000	5.165583	
28-11-2003	0.861000	0.300000	0.000000	0.194724	0.000000	5.193781	
29-11-2003	0.000000	0.400000	0.000000	0.260000	0.000000	4.715683	
30-11-2003	0.000000	0.100000	0.000000	0.064597	0.000000	4.144822	
01-12-2003	0.000000	0.100000	0.000000	0.064477	0.000000	3.101373	
02-12-2003	0.000000	0.100000	0.000000	0.064357	0.000000	1.791923	
03-12-2003	0.274000	0.000000	0.000000	0.000000	0.000000	0.850962	
04-12-2003	2.192000	0.000000	0.000000	0.000000	0.000000	0.421437	
05-12-2003	0.274000	0.300000	0.000000	0.195000	0.000000	0.231393	
06-12-2003	1.096000	0.300000	0.000000	0.195000	0.000000	0.107792	
07-12-2003	0.000000	0.300000	0.000000	0.195000	0.000000	0.039772	
08-12-2003	0.000000	0.100000	0.000000	0.064712	0.000000	0.065918	
09-12-2003	0.000000	0.400000	0.000000	0.258367	0.000000	0.291756	
10-12-2003	0.000000	0.300000	0.000000	0.192338	0.000000	0.619877	
11-12-2003	0.000000	0.000000	0.000000	0.000000	0.000000	0.741683	
12-12-2003	3.699000	0.300000	0.000000	0.191269	0.000000	0.624352	
13-12-2003	4.932000	0.000000	0.000000	0.000000	0.000000	0.397233	
14-12-2003	11.782000	0.300000	0.000000	0.195000	0.000000	0.184252	
15-12-2003	1.507000	0.300000	0.000000	0.195000	0.000000	0.065402	
16-12-2003	0.137000	0.300000	0.000000	0.195000	0.000000	0.099589	
17-12-2003	5.480000	0.000000	0.000000	0.000000	0.000000	0.553503	
18-12-2003	0.685000	0.200000	0.000000	0.130000	0.000000	1.834322	
19-12-2003	0.000000	0.100000	0.000000	0.065000	0.000000	3.909033	
20-12-2003	0.000000	0.000000	0.000000	0.000000	0.000000	5.416161	
21-12-2003	11.919000	0.100000	0.000000	0.064913	0.000000	4.893512	
22-12-2003	6.028000	0.200000	0.200000	0.000000	0.000000	3.481099	
23-12-2003	0.274000	0.100000	0.100000	0.000000	0.000000	2.682491	
24-12-2003	0.000000	0.000000	0.000000	0.000000	0.000000	2.045473	
25-12-2003	1.781000	0.000000	0.000000	0.000000	0.000000	1.481363	
26-12-2003	0.274000	0.000000	0.000000	0.000000	0.000000	2.193557	
27-12-2003	0.000000	0.100000	0.000000	0.065000	0.000000	3.888181	
28-12-2003	0.411000	0.100000	0.000000	0.064903	0.000000	4.320126	
29-12-2003	12.741000	0.100000	0.000000	0.065000	0.000000	3.321551	
30-12-2003	7.672000	0.100000	0.000000	0.065000	0.000000	2.418483	
31-12-2003	0.137000	0.300000	0.000000	0.195000	0.000000	1.859890	
01-01-2004	2.397000	0.300000	0.300000	0.000000	0.000000	1.249905	
02-01-2004	0.000000	0.300000	0.300000	0.000000	0.000000	1.008282	
03-01-2004	0.000000	0.200000	0.200000	0.000000	0.000000	2.302314	
04-01-2004	0.000000	0.100000	0.100000	0.000000	0.000000	4.837797	
05-01-2004	0.705000	0.300000	0.300000	0.000000	0.000000	5.904481	
06-01-2004	0.000000	0.100000	0.100000	0.000000	0.000000	4.422840	
07-01-2004	6.345000	0.100000	0.000000	0.000743	0.000000	2.273758	
08-01-2004	0.846000	0.100000	0.000000	0.050110	0.000000	0.966571	
09-01-2004	0.141000	0.100000	0.000000	0.000000	0.000000	0.451325	
10-01-2004	3.384000	0.200000	0.200000	0.000000	0.000000	0.306565	
11-01-2004	0.705000	0.000000	0.000000	0.000000	0.000000	0.441516	
12-01-2004	17.061000	0.200000	0.000000	0.092528	0.000000	1.128271	
13-01-2004	3.243000	0.000000	0.000000	0.000000	0.000000	2.049197	
14-01-2004	14.523000	0.100000	0.000000	0.016725	0.000000	2.164506	
15-01-2004	0.987000	0.400000	0.000000	0.209512	0.000000	1.679642	
16-01-2004	3.384000	0.100000	0.100000	0.000000	0.000000	1.880256	
17-01-2004	12.549000	0.200000	0.200000	0.000000	0.000000	3.824229	
18-01-2004	0.282000	0.300000	0.300000	0.000000	0.000000	6.684058	
19-01-2004	2.679000	0.300000	0.000000	0.000000	0.000000	8.387435	
20-01-2004	0.423000	0.200000	0.000000	0.099119	0.000000	8.323109	
21-01-2004	1.551000	0.400000	0.400000	0.000000	0.000000	6.848378	
22-01-2004	0.000000	0.200000	0.056000	0.034188	0.000000	5.747275	
23-01-2004	0.000000	0.100000	0.000000	0.006392	0.000000	5.602181	
24-01-2004	0.000000	0.100000	0.000000	0.008093	0.000000	4.831839	
25-01-2004	2.115000	0.200000	0.200000	0.000000	0.000000	3.314961	
26-01-2004	1.410000	0.300000	0.300000	0.000000	0.000000	1.952994	
27-01-2004	0.000000	0.400000	0.400000	0.000000	0.000000	1.061406	
28-01-2004	0.564000	0.200000	0.200000	0.000000	0.000000	0.534918	
29-01-2004	4.089000	0.500000	0.500000	0.000000	0.000000	0.275075	
30-01-2004	1.692000	0.400000	0.400000	0.000000	0.000000	0.200716	
31-01-2004	1.551000	0.100000	0.100000	0.000000	0.000000	0.253964	
01-02-2004	15.336000	0.400000	0.000000	0.169450	0.000000	0.360314	
02-02-2004	9.514000	0.100000	0.000000	0.058901	0.000000	0.349221	
03-02-2004	2.272000	0.100000	0.000000	0.011542	0.000000	0.280367	
04-02-2004	11.076000	0.100000	0.000000	0.065000	0.000000	0.414383	
05-02-2004	0.284000	0.600000	0.000000	0.390000	0.000000	0.904520	
06-02-2004	0.000000	0.100000	0.000000	0.065000	0.000000	3.491458	
07-02-2004	4.402000	0.300000	0.000000	0.194681	0.000000	7.030903	
08-02-2004	0.852000	0.300000	0.000000	0.195000	0.000000	8.302149	
09-02-2004	10.082000	0.700000	0.117550	0.378592	0.000000	8.423601	
10-02-2004	0.000000	0.200000	0.000000	0.130000	0.000000	7.918363	
11-02-2004	4.686000	0.700000	0.700000	0.000000	0.000000	5.706324	
12-02-2004	0.284000	0.300000	0.300000	0.000000	0.000000	3.321735	
13-02-2004	0.000000	0.200000	0.000000	0.000000	0.000000	2.453315	
14-02-2004	0.426000	0.500000	0.000000	0.202449	0.000000	2.961611	
15-02-2004	0.000000	0.500000	0.000000	0.244202	0.000000	3.745902	
16-02-2004	0.142000	0.200000	0.000000	0.129284	0.000000	3.560750	
17-02-2004	0.426000	0.600000	0.000000	0.388022	0.000000	2.618055	
18-02-2004	0.000000	0.900000	0.000000	0.582796	0.000000	1.655926	
19-02-2004	0.000000	1.000000	0.000000	0.520139	0.000000	0.954546	
20-02-2004	0.000000	1.000000	0.000000	0.376684	0.000000	0.514617	
21-02-2004	0.000000	1.000000	0.000000	0.458608	0.000000	0.244960	
22-02-2004	0.000000	0.400000	0.000000	0.184129	0.000000	0.092897	
23-02-2004	2.130000	0.700000	0.314625	0.169261	0.000000	0.026566	
24-02-2004	0.000000	0.200000	0.000000	0.093895	0.000000	0.005714	
25-02-2004	4.544000	1.000000	0.000000	0.638804	0.000000	0.000944	
26-02-2004	0.284000	0.500000	0.000000	0.325000	0.000000	0.000123	
27-02-2004	0.142000	0.400000	0.000000	0.195093	0.000000	0.000037	
28-02-2004	0.000000	0.700000	0.000000	0.340832	0.000000	0.003564	
29-02-2004	0.426000	1.100000	0.000000	0.528726	0.000000	0.072987	
01-03-2004	0.000000	0.300000	0.000000	0.143721	0.000000	0.405702	
02-03-2004	0.000000	1.000000	0.000000	0.639271	0.000000	0.878693	
03-03-2004	0.000000	1.400000	0.000000	0.661640	0.000000	0.929239	
04-03-2004	0.000000	1.200000	0.000000	0.422842	0.000000	0.559267	
05-03-2004	0.135000	1.200000	0.000000	0.422878	0.000000	0.213688	
06-03-2004	0.000000	1.100000	0.000000	0.326878	0.000000	0.056187	
07-03-2004	0.270000	0.700000	0.000000	0.284561	0.000000	0.010808	
08-03-2004	0.000000	1.500000	0.000000	0.824786	0.000000	0.001594	
09-03-2004	0.000000	0.700000	0.000000	0.407925	0.000000	0.000187	
10-03-2004	0.270000	0.400000	0.000000	0.230080	0.000000	0.000018	
11-03-2004	0.810000	0.900000	0.000000	0.518437	0.000000	0.000001	
12-03-2004	0.000000	0.700000	0.000000	0.407217	0.000000	0.000000	
13-03-2004	0.000000	0.200000	0.000000	0.114840	0.000000	0.000000	
14-03-2004	5.670000	1.300000	0.000000	0.743697	0.000000	0.000000	
15-03-2004	0.945000	1.300000	0.000000	0.845000	0.000000	0.000000	
16-03-2004	0.945000	0.600000	0.000000	0.390000	0.000000	0.000000	
17-03-2004	0.135000	2.000000	0.000000	1.300000	0.000000	0.000039	
18-03-2004	0.000000	1.800000	0.000000	1.133815	0.000000	0.002539	
19-03-2004	4.455000	1.100000	0.000000	0.669794	0.000000	0.030870	
20-03-2004	5.400000	1.000000	0.000000	0.650000	0.000000	0.128055	
21-03-2004	16.470000	0.400000	0.000000	0.260000	0.000000	0.257920	
22-03-2004	7.695000	1.300000	0.000000	0.845000	0.000000	0.303152	
23-03-2004	3.240000	1.200000	0.000000	0.780000	0.000000	0.260764	
24-03-2004	5.535000	0.600000	0.000000	0.390000	0.000000	0.456132	
25-03-2004	0.810000	1.600000	0.000000	1.040000	0.000000	1.597104	
26-03-2004	0.000000	1.100000	0.000000	0.715000	0.000000	4.305188	
27-03-2004	0.000000	1.000000	0.000000	0.636753	0.000000	7.328382	
28-03-2004	0.135000	2.000000	0.000000	1.249915	0.000000	8.054626	
29-03-2004	0.405000	0.600000	0.000000	0.362621	0.000000	6.491495	
30-03-2004	0.000000	2.000000	0.000000	1.210617	0.000000	4.438022	
31-03-2004	0.000000	2.500000	0.000000	1.457300	0.000000	2.573286	
01-04-2004	0.000000	2.600000	0.000000	1.445631	0.000000	1.143111	
02-04-2004	0.000000	2.500000	0.000000	1.323444	0.000000	0.369401	
03-04-2004	0.000000	1.500000	0.000000	0.757585	0.000000	0.087481	
04-04-2004	3.100000	0.700000	0.000000	0.343822	0.000000	0.015647	
05-04-2004	2.480000	1.600000	0.000000	0.869434	0.000000	0.002186	
06-04-2004	7.564000	0.700000	0.000000	0.401916	0.000000	0.000246	
07-04-2004	18.724000	1.200000	0.000000	0.780000	0.000000	0.000023	
08-04-2004	0.744000	0.800000	0.000000	0.520000	0.000000	0.000009	
09-04-2004	0.992000	2.800000	0.000000	1.820000	0.000000	0.001994	
10-04-2004	0.620000	3.000000	0.000000	1.909452	0.000000	0.074908	
11-04-2004	0.000000	2.300000	0.000000	1.409455	0.000000	0.804010	
12-04-2004	0.000000	1.300000	0.000000	0.762736	0.000000	3.266167	
13-04-2004	0.000000	3.000000	0.000000	1.717884	0.000000	6.017949	
14-04-2004	0.000000	3.100000	0.000000	1.676858	0.000000	5.828646	
15-04-2004	0.000000	3.300000	0.000000	1.683191	0.000000	3.341148	
16-04-2004	0.000000	3.100000	0.000000	1.485456	0.000000	1.243582	
17-04-2004	0.000000	2.900000	0.000000	1.310916	0.000000	0.322958	
18-04-2004	0.000000	2.800000	0.000000	1.198951	0.000000	0.061905	
19-04-2004	28.396000	2.800000	0.000000	1.138187	0.000000	0.009156	
20-04-2004	3.472000	3.000000	0.000000	1.950000	0.000000	0.001082	
21-04-2004	3.472000	3.200000	0.000000	2.080000	0.000000	0.000189	
22-04-2004	0.000000	2.800000	0.000000	1.820000	0.000000	0.013376	
23-04-2004	0.124000	1.200000	0.000000	0.743261	0.000000	0.292337	
24-04-2004	0.496000	3.100000	0.000000	1.884718	0.000000	1.730715	
25-04-2004	0.000000	2.600000	0.000000	1.514471	0.000000	4.044213	
26-04-2004	2.480000	0.900000	0.000000	0.499077	0.000000	4.774722	
27-04-2004	0.000000	1.700000	0.000000	1.006651	0.000000	3.407976	
28-04-2004	0.000000	3.600000	0.000000	2.064692	0.000000	1.664054	
29-04-2004	0.000000	2.800000	0.000000	1.499064	0.000000	0.594839	
30-04-2004	0.000000	3.600000	0.000000	1.827983	0.000000	0.160371	
01-05-2004	0.000000	2.500000	0.000000	1.185512	0.000000	0.033190	
02-05-2004	0.000000	3.800000	0.000000	1.719614	0.000000	0.005374	
03-05-2004	0.678000	1.300000	0.000000	0.547558	0.000000	0.000696	
04-05-2004	1.130000	2.400000	0.000000	1.017797	0.000000	0.000074	
05-05-2004	9.040000	1.600000	0.000000	0.683097	0.000000	0.000006	
06-05-2004	1.017000	3.700000	0.000000	2.164963	0.000000	0.000000	
07-05-2004	2.034000	1.900000	0.000000	1.071983	0.000000	0.000000	
08-05-2004	0.339000	0.600000	0.010421	0.343572	0.000000	0.000000	
09-05-2004	5.085000	3.900000	0.124215	2.198658	0.000000	0.000000	
10-05-2004	0.113000	2.700000	0.139978	1.617892	0.012070	0.000000	
11-05-2004	4.972000	1.200000	0.096709	0.667363	0.000000	0.000000	
12-05-2004	0.000000	0.800000	0.069950	0.469093	0.008474	0.000000	
13-05-2004	0.904000	3.600000	0.415117	2.049423	0.000000	0.000001	
14-05-2004	0.000000	2.700000	0.101911	1.441404	0.246128	0.000321	
15-05-2004	1.695000	2.400000	0.337177	1.204925	0.000000	0.012126	
16-05-2004	0.000000	3.800000	0.125847	1.874284	0.471278	0.097233	
17-05-2004	0.000000	3.300000	0.000000	1.488303	0.578266	0.265914	
18-05-2004	0.000000	3.700000	0.000000	1.539614	0.712367	0.326775	
19-05-2004	0.000000	2.600000	0.000000	0.989779	0.547940	0.216098	
20-05-2004	0.113000	3.600000	0.113000	1.283050	0.702729	0.087244	
21-05-2004	0.000000	4.200000	0.000000	1.381613	1.011576	0.023578	
22-05-2004	0.000000	3.000000	0.000000	0.903064	0.756849	0.004571	
23-05-2004	6.667000	4.100000	1.078857	1.154881	0.000000	0.000670	
24-05-2004	0.000000	3.400000	0.252885	1.141535	0.678161	0.000077	
25-05-2004	0.000000	3.300000	0.000000	1.028849	0.946519	0.000007	
26-05-2004	0.000000	2.700000	0.000000	0.794908	0.770311	0.000001	
27-05-2004	0.113000	3.300000	0.113000	0.927002	0.824863	0.000000	
28-05-2004	0.000000	1.900000	0.000000	0.509500	0.524873	0.000000	
29-05-2004	0.000000	3.900000	0.000000	1.015046	1.066363	0.000000	
30-05-2004	0.000000	4.100000	0.000000	1.002303	1.100196	0.000000	
31-05-2004	0.000000	4.200000	0.000000	0.961438	1.105138	0.000000	
01-06-2004	0.000000	4.800000	0.000000	1.027706	1.236016	0.000000	
02-06-2004	0.000000	4.700000	0.000000	0.930135	1.188057	0.000000	
03-06-2004	0.000000	5.100000	0.000000	0.935870	1.259741	0.000000	
04-06-2004	0.333000	1.100000	0.268723	0.185946	0.000000	0.000000	
05-06-2004	1.221000	4.000000	0.960506	0.669416	0.000000	0.000000	
06-06-2004	0.000000	2.000000	0.237748	0.321942	0.225396	0.000000	
07-06-2004	0.000000	3.300000	0.000000	0.518223	0.741222	0.000000	
08-06-2004	1.221000	4.400000	1.020747	0.650569	0.000000	0.000000	
09-06-2004	1.554000	2.100000	0.491687	0.291611	0.000000	0.000000	
10-06-2004	1.110000	5.000000	1.200237	0.742085	0.000000	0.000000	
11-06-2004	1.776000	3.000000	0.730885	0.413255	0.000000	0.000000	
12-06-2004	0.000000	3.800000	0.249644	0.548112	0.681386	0.000000	
13-06-2004	1.887000	4.500000	1.168654	0.604586	0.000000	0.000000	
14-06-2004	0.000000	2.400000	0.268988	0.314691	0.366084	0.000000	
15-06-2004	0.000000	2.900000	0.000000	0.364518	0.774348	0.000000	
16-06-2004	0.222000	4.700000	0.222000	0.560696	1.065997	0.000000	
17-06-2004	0.111000	1.000000	0.111000	0.110225	0.172110	0.000000	
18-06-2004	7.104000	2.000000	0.584974	0.216104	0.000000	0.000000	
19-06-2004	13.875000	2.300000	0.684211	0.425810	0.000000	0.000000	
20-06-2004	3.552000	3.600000	1.090069	1.251909	0.000000	0.000000	
21-06-2004	0.555000	3.900000	0.875540	1.402738	0.323547	0.000000	
22-06-2004	0.444000	3.900000	0.444000	1.314091	0.768558	0.000000	
23-06-2004	0.000000	1.300000	0.000000	0.407474	0.408331	0.000000	
24-06-2004	13.764000	0.900000	0.294369	0.274238	0.000000	0.000000	
25-06-2004	11.100000	0.900000	0.296898	0.382339	0.000000	0.000000	
26-06-2004	4.995000	1.700000	0.565280	0.719084	0.000000	0.000000	
27-06-2004	0.000000	1.900000	0.358019	0.799385	0.271214	0.000000	
28-06-2004	0.333000	2.500000	0.333000	1.025232	0.500032	0.000000	
29-06-2004	11.322000	2.100000	0.721939	0.826270	0.000000	0.000000	
30-06-2004	0.111000	2.900000	0.484019	1.198905	0.504380	0.000000	
01-07-2004	7.040000	2.000000	0.697335	0.800763	0.000000	0.000000	
02-07-2004	3.520000	3.800000	1.322917	1.565212	0.000000	0.000796	
03-07-2004	0.330000	3.800000	0.710164	1.551330	0.612037	0.068239	
04-07-2004	2.420000	3.100000	1.110866	1.198534	0.000000	0.638408	
05-07-2004	1.980000	3.300000	1.192507	1.259110	0.000000	1.750073	
06-07-2004	5.170000	3.300000	1.206101	1.233059	0.000000	2.388180	
07-07-2004	0.000000	4.000000	0.404194	1.587902	1.038278	2.283026	
08-07-2004	0.000000	1.800000	0.000000	0.670848	0.654417	1.662490	
09-07-2004	16.060000	3.400000	1.282493	1.232046	0.000000	0.861470	
10-07-2004	0.550000	1.300000	0.496710	0.505583	0.000000	0.297830	
11-07-2004	2.420000	1.400000	0.533043	0.541576	0.000000	0.066707	
12-07-2004	0.770000	1.900000	0.724540	0.738693	0.000000	0.015401	
13-07-2004	0.000000	2.700000	0.428286	1.026005	0.585418	0.185103	
14-07-2004	0.440000	2.500000	0.440000	0.905725	0.515764	1.180985	
15-07-2004	4.620000	2.500000	0.989701	0.868200	0.000000	2.677787	
16-07-2004	0.000000	3.600000	0.449289	1.330936	0.952978	2.940125	
17-07-2004	0.000000	4.800000	0.000000	1.657424	1.891981	1.922658	
18-07-2004	0.110000	3.700000	0.110000	1.163942	1.393752	0.850685	
19-07-2004	6.490000	2.300000	0.970027	0.682551	0.000000	0.261376	
20-07-2004	0.440000	3.300000	0.925836	1.136928	0.435668	0.053639	
21-07-2004	20.680000	1.000000	0.421653	0.328573	0.000000	0.007273	
22-07-2004	0.110000	1.200000	0.498408	0.439175	0.000000	0.000679	
23-07-2004	0.000000	3.600000	0.098513	1.317920	1.321810	0.000046	
24-07-2004	21.230000	3.500000	1.458637	1.202488	0.000000	0.001967	
25-07-2004	0.330000	1.200000	0.502997	0.435413	0.000000	0.146398	
26-07-2004	1.760000	3.300000	1.364338	1.200820	0.000000	1.272755	
27-07-2004	0.000000	4.400000	0.478487	1.538395	1.307624	3.305747	
28-07-2004	0.000000	4.100000	0.000000	1.324255	1.680108	4.138927	
29-07-2004	0.000000	4.700000	0.000000	1.407814	1.950726	4.446359	
30-07-2004	0.000000	4.600000	0.000000	1.260639	1.941020	5.296323	
31-07-2004	0.000000	2.600000	0.000000	0.656327	1.107129	4.683184	
01-08-2004	1.980000	3.900000	1.721459	0.951998	0.000000	2.570356	
02-08-2004	0.000000	3.800000	0.258541	0.886732	1.360614	0.883052	
03-08-2004	0.000000	3.600000	0.000000	0.791281	1.523269	0.196654	
04-08-2004	0.440000	2.400000	0.440000	0.500964	0.591386	0.029407	
05-08-2004	0.110000	4.300000	0.110000	0.884548	1.665363	0.003036	
06-08-2004	0.000000	4.600000	0.000000	0.883776	1.892478	0.000222	
07-08-2004	0.000000	4.600000	0.000000	0.827051	1.865721	0.000012	
08-08-2004	0.000000	4.500000	0.000000	0.772029	1.731342	0.000001	
09-08-2004	0.000000	4.600000	0.000000	0.755201	1.665052	0.000000	
10-08-2004	0.000000	4.500000	0.000000	0.694080	1.585447	0.000000	
11-08-2004	0.000000	3.600000	0.000000	0.517811	1.263229	0.000000	
12-08-2004	1.100000	3.400000	1.100000	0.465641	0.150587	0.000000	
13-08-2004	0.220000	0.500000	0.181970	0.066604	0.000000	0.000000	
14-08-2004	2.750000	4.000000	1.402635	0.540480	0.000000	0.000000	
15-08-2004	0.110000	3.700000	0.521515	0.520514	0.718511	0.000000	
16-08-2004	0.000000	1.300000	0.000000	0.174760	0.417956	0.000000	
17-08-2004	2.310000	3.100000	1.042363	0.414489	0.000000	0.000000	
18-08-2004	0.000000	1.400000	0.394251	0.196774	0.063194	0.000000	
19-08-2004	0.990000	2.700000	0.891864	0.373206	0.000000	0.000000	
20-08-2004	3.520000	2.800000	0.941477	0.372045	0.000000	0.000000	
21-08-2004	2.090000	2.100000	0.717452	0.324076	0.000000	0.000000	
22-08-2004	0.000000	3.200000	0.401040	0.530417	0.651319	0.000000	
23-08-2004	0.220000	3.100000	0.220000	0.482971	0.816189	0.000000	
24-08-2004	0.660000	1.500000	0.544958	0.219795	0.000000	0.000000	
25-08-2004	0.880000	2.100000	0.763349	0.302401	0.000000	0.000000	
26-08-2004	5.940000	2.200000	0.809082	0.307383	0.000000	0.000000	
27-08-2004	0.000000	0.700000	0.260433	0.133168	0.000000	0.000000	
28-08-2004	4.400000	3.000000	1.109012	0.568020	0.000000	0.000000	
